0 1
0 2
0 3
0 4
0 5
0 6
0 7
0 8
0 9
0 10
0 11
0 12
0 13
0 14
0 15
0 16
0 17
0 18
0 19
0 22
0 24
0 26
0 28
0 31
0 32
0 35
0 38
0 39
0 40
0 42
0 44
0 46
0 49
0 50
0 59
0 60
0 62
0 63
0 65
0 67
0 68
0 71
0 72
0 75
0 79
0 84
0 87
0 92
0 98
0 102
0 104
0 116
0 117
0 118
0 120
0 125
0 131
0 145
0 149
0 151
0 156
0 159
0 169
0 173
0 195
0 198
0 204
0 208
0 209
0 211
0 214
0 217
0 222
0 224
0 225
0 232
0 238
0 245
0 246
0 261
0 266
0 267
0 271
0 274
0 279
0 285
0 288
0 290
0 292
0 295
0 297
0 305
0 315
0 330
0 336
0 338
0 339
0 342
0 353
0 389
0 390
0 401
0 409
0 429
0 431
0 433
0 447
0 452
0 459
0 466
0 471
0 486
0 494
0 515
0 522
0 540
0 560
0 570
0 585
0 594
0 616
0 624
0 665
0 671
0 677
0 678
0 696
0 706
0 711
0 730
0 734
0 740
0 746
0 748
0 769
0 780
0 793
0 799
0 804
0 806
0 818
0 826
0 850
0 852
0 861
0 889
0 890
0 891
0 919
0 933
0 939
0 942
0 948
0 954
1 11
1 12
1 13
1 15
1 18
1 19
1 21
1 22
1 24
1 26
1 29
1 30
1 44
1 47
1 53
1 54
1 56
1 62
1 65
1 67
1 75
1 85
1 90
1 134
1 137
1 166
1 171
1 223
1 224
1 229
1 267
1 319
1 346
1 411
1 459
1 465
1 468
1 472
1 475
1 495
1 510
1 580
1 616
1 685
1 710
1 778
1 830
1 847
1 854
1 896
1 966
2 11
2 13
2 17
2 35
2 45
2 49
2 52
2 61
2 80
2 83
2 95
2 96
2 101
2 137
2 156
2 249
2 303
2 311
2 312
2 322
2 351
2 360
2 369
2 402
2 453
2 506
2 560
2 574
2 618
2 624
2 658
2 688
2 698
2 709
2 715
2 718
2 786
2 791
2 923
3 11
3 12
3 13
3 15
3 16
3 18
3 19
3 20
3 25
3 30
3 33
3 37
3 38
3 42
3 48
3 50
3 51
3 53
3 55
3 58
3 81
3 86
3 87
3 90
3 108
3 126
3 144
3 199
3 242
3 248
3 279
3 295
3 306
3 331
3 345
3 355
3 359
3 408
3 416
3 417
3 437
3 492
3 508
3 534
3 537
3 567
3 578
3 581
3 615
3 622
3 632
3 720
3 734
3 761
3 776
3 824
3 840
3 872
3 952
3 964
3 996
4 11
4 12
4 13
4 14
4 15
4 16
4 18
4 21
4 24
4 26
4 28
4 31
4 39
4 42
4 45
4 48
4 51
4 93
4 94
4 102
4 114
4 133
4 140
4 144
4 147
4 159
4 160
4 164
4 173
4 178
4 188
4 219
4 223
4 225
4 231
4 242
4 258
4 272
4 275
4 292
4 293
4 332
4 342
4 344
4 358
4 361
4 390
4 409
4 415
4 416
4 429
4 468
4 480
4 525
4 529
4 538
4 560
4 579
4 611
4 612
4 655
4 691
4 694
4 738
4 743
4 755
4 765
4 825
4 850
4 953
4 958
4 962
4 973
4 983
5 11
5 13
5 14
5 17
5 19
5 20
5 25
5 27
5 29
5 35
5 45
5 53
5 54
5 75
5 90
5 100
5 113
5 133
5 135
5 136
5 139
5 146
5 155
5 165
5 175
5 183
5 201
5 206
5 232
5 241
5 258
5 268
5 309
5 310
5 311
5 313
5 317
5 320
5 338
5 351
5 356
5 366
5 368
5 404
5 424
5 434
5 459
5 479
5 481
5 513
5 526
5 546
5 552
5 554
5 566
5 588
5 625
5 676
5 687
5 792
5 804
5 806
5 862
5 947
5 951
5 972
5 988
6 12
6 14
6 15
6 18
6 23
6 26
6 40
6 42
6 54
6 66
6 70
6 90
6 118
6 131
6 142
6 180
6 188
6 214
6 226
6 239
6 253
6 291
6 295
6 297
6 316
6 353
6 355
6 362
6 387
6 398
6 466
6 541
6 542
6 552
6 564
6 620
6 713
6 731
6 744
6 752
6 783
6 805
6 819
6 853
6 886
6 916
6 925
7 11
7 12
7 13
7 18
7 19
7 20
7 24
7 27
7 34
7 36
7 38
7 40
7 53
7 56
7 62
7 64
7 67
7 69
7 73
7 78
7 85
7 106
7 111
7 121
7 133
7 143
7 167
7 173
7 193
7 204
7 209
7 210
7 216
7 219
7 228
7 249
7 251
7 266
7 275
7 292
7 308
7 327
7 328
7 331
7 333
7 434
7 455
7 469
7 552
7 585
7 620
7 624
7 637
7 690
7 711
7 749
7 751
7 800
7 802
7 845
7 871
7 922
7 963
8 11
8 12
8 14
8 15
8 16
8 17
8 20
8 28
8 50
8 52
8 55
8 65
8 74
8 77
8 79
8 81
8 98
8 101
8 108
8 118
8 133
8 135
8 158
8 164
8 205
8 209
8 215
8 223
8 233
8 265
8 300
8 322
8 337
8 370
8 379
8 426
8 459
8 557
8 563
8 585
8 589
8 624
8 656
8 678
8 680
8 705
8 722
8 735
8 884
8 892
8 910
8 945
8 986
9 11
9 12
9 13
9 14
9 15
9 17
9 18
9 21
9 22
9 23
9 26
9 27
9 41
9 49
9 52
9 53
9 57
9 66
9 81
9 82
9 88
9 89
9 91
9 96
9 100
9 103
9 106
9 107
9 110
9 111
9 115
9 127
9 136
9 166
9 175
9 187
9 188
9 189
9 200
9 203
9 207
9 216
9 217
9 220
9 225
9 228
9 229
9 251
9 272
9 278
9 280
9 296
9 300
9 303
9 310
9 321
9 322
9 325
9 329
9 337
9 348
9 353
9 354
9 355
9 357
9 361
9 381
9 400
9 421
9 436
9 449
9 473
9 478
9 484
9 487
9 531
9 555
9 587
9 601
9 604
9 608
9 613
9 631
9 657
9 664
9 671
9 697
9 707
9 723
9 726
9 751
9 759
9 773
9 782
9 799
9 802
9 808
9 872
9 913
9 929
9 955
9 969
9 992
10 11
10 12
10 14
10 16
10 17
10 22
10 23
10 32
10 33
10 36
10 37
10 40
10 41
10 43
10 46
10 57
10 79
10 87
10 88
10 89
10 123
10 142
10 158
10 165
10 168
10 171
10 176
10 182
10 184
10 187
10 200
10 203
10 210
10 236
10 278
10 288
10 299
10 301
10 304
10 312
10 321
10 327
10 343
10 344
10 347
10 381
10 395
10 401
10 406
10 438
10 460
10 474
10 500
10 515
10 530
10 533
10 572
10 596
10 608
10 613
10 621
10 640
10 647
10 684
10 697
10 699
10 714
10 717
10 727
10 734
10 743
10 772
10 781
10 791
10 802
10 804
10 820
10 836
10 842
10 855
10 876
10 878
10 912
10 922
10 948
10 957
10 968
11 12
11 13
11 14
11 15
11 16
11 17
11 18
11 19
11 20
11 21
11 22
11 25
11 26
11 28
11 29
11 31
11 34
11 36
11 37
11 38
11 39
11 40
11 41
11 42
11 44
11 45
11 50
11 52
11 54
11 55
11 61
11 65
11 73
11 77
11 79
11 86
11 89
11 101
11 104
11 124
11 125
11 126
11 130
11 136
11 138
11 139
11 140
11 150
11 164
11 174
11 176
11 179
11 183
11 185
11 189
11 194
11 195
11 196
11 204
11 209
11 212
11 213
11 216
11 225
11 230
11 232
11 235
11 239
11 254
11 255
11 275
11 277
11 284
11 292
11 293
11 324
11 325
11 327
11 329
11 342
11 345
11 346
11 360
11 364
11 373
11 376
11 390
11 398
11 412
11 415
11 430
11 434
11 439
11 440
11 447
11 450
11 451
11 503
11 506
11 512
11 523
11 531
11 537
11 549
11 551
11 556
11 558
11 576
11 577
11 586
11 589
11 598
11 606
11 623
11 666
11 672
11 678
11 691
11 694
11 702
11 727
11 742
11 759
11 781
11 787
11 793
11 794
11 800
11 814
11 838
11 847
11 856
11 858
11 860
11 861
11 875
11 878
11 883
11 927
11 939
11 947
11 953
11 961
11 980
11 982
11 984
11 985
11 991
11 992
12 13
12 14
12 16
12 18
12 19
12 21
12 24
12 25
12 27
12 28
12 30
12 31
12 33
12 34
12 38
12 43
12 44
12 45
12 47
12 48
12 51
12 57
12 59
12 63
12 69
12 71
12 84
12 88
12 96
12 97
12 105
12 118
12 123
12 131
12 140
12 141
12 146
12 149
12 150
12 151
12 155
12 157
12 158
12 167
12 174
12 176
12 181
12 185
12 189
12 194
12 196
12 208
12 209
12 229
12 231
12 239
12 243
12 249
12 252
12 256
12 261
12 263
12 267
12 269
12 274
12 281
12 287
12 292
12 306
12 313
12 316
12 327
12 339
12 351
12 362
12 410
12 413
12 419
12 438
12 440
12 450
12 462
12 465
12 468
12 469
12 490
12 492
12 495
12 499
12 501
12 514
12 518
12 520
12 522
12 529
12 557
12 562
12 563
12 574
12 575
12 584
12 588
12 602
12 614
12 621
12 623
12 643
12 671
12 683
12 702
12 712
12 727
12 734
12 749
12 767
12 772
12 796
12 797
12 828
12 829
12 834
12 837
12 868
12 873
12 887
12 892
12 895
12 901
12 915
12 951
12 966
12 972
12 979
13 14
13 15
13 16
13 17
13 19
13 20
13 21
13 22
13 23
13 24
13 25
13 26
13 30
13 32
13 33
13 34
13 36
13 40
13 41
13 46
13 58
13 59
13 62
13 67
13 69
13 70
13 74
13 75
13 77
13 78
13 79
13 85
13 91
13 92
13 94
13 103
13 115
13 122
13 138
13 150
13 151
13 155
13 173
13 179
13 185
13 190
13 198
13 201
13 202
13 207
13 218
13 237
13 240
13 244
13 256
13 283
13 285
13 287
13 293
13 308
13 310
13 316
13 330
13 352
13 355
13 358
13 363
13 369
13 371
13 387
13 395
13 418
13 421
13 425
13 437
13 438
13 441
13 447
13 462
13 464
13 482
13 483
13 488
13 509
13 510
13 513
13 533
13 534
13 551
13 568
13 594
13 598
13 608
13 645
13 660
13 722
13 723
13 737
13 741
13 748
13 758
13 763
13 779
13 786
13 808
13 822
13 825
13 832
13 833
13 856
13 870
13 879
13 881
13 884
13 890
13 985
13 991
14 15
14 16
14 17
14 18
14 19
14 20
14 21
14 22
14 23
14 24
14 25
14 26
14 27
14 32
14 35
14 39
14 42
14 45
14 46
14 47
14 49
14 50
14 59
14 60
14 65
14 66
14 69
14 71
14 78
14 82
14 83
14 90
14 97
14 98
14 99
14 100
14 106
14 107
14 113
14 119
14 121
14 123
14 124
14 126
14 127
14 135
14 138
14 142
14 145
14 149
14 151
14 170
14 172
14 174
14 175
14 181
14 186
14 188
14 199
14 202
14 206
14 214
14 216
14 219
14 230
14 233
14 242
14 243
14 257
14 258
14 260
14 271
14 278
14 282
14 283
14 300
14 301
14 307
14 320
14 350
14 359
14 380
14 384
14 385
14 391
14 405
14 412
14 423
14 427
14 435
14 453
14 463
14 467
14 471
14 477
14 478
14 491
14 514
14 521
14 544
14 576
14 579
14 593
14 596
14 597
14 613
14 616
14 630
14 646
14 651
14 654
14 672
14 700
14 705
14 715
14 719
14 760
14 761
14 764
14 772
14 780
14 784
14 801
14 825
14 836
14 839
14 849
14 850
14 901
14 932
14 936
14 956
14 965
14 994
14 996
15 16
15 17
15 19
15 21
15 23
15 28
15 30
15 31
15 33
15 36
15 38
15 39
15 41
15 47
15 53
15 59
15 60
15 62
15 64
15 67
15 68
15 71
15 73
15 75
15 82
15 88
15 95
15 96
15 108
15 112
15 122
15 123
15 128
15 130
15 133
15 137
15 144
15 149
15 153
15 164
15 169
15 175
15 179
15 196
15 199
15 200
15 206
15 245
15 252
15 260
15 271
15 272
15 273
15 278
15 279
15 299
15 319
15 329
15 351
15 389
15 392
15 401
15 411
15 416
15 422
15 424
15 436
15 457
15 463
15 497
15 498
15 506
15 514
15 535
15 558
15 630
15 667
15 685
15 698
15 707
15 718
15 724
15 732
15 763
15 798
15 804
15 828
15 836
15 843
15 876
15 900
15 903
15 912
15 920
15 921
15 929
15 930
15 967
15 979
15 996
16 20
16 23
16 24
16 27
16 28
16 33
16 34
16 35
16 37
16 44
16 49
16 51
16 52
16 54
16 56
16 66
16 80
16 87
16 91
16 92
16 94
16 103
16 104
16 105
16 106
16 110
16 118
16 122
16 133
16 136
16 140
16 144
16 152
16 171
16 196
16 199
16 208
16 224
16 231
16 250
16 262
16 291
16 302
16 335
16 357
16 368
16 373
16 387
16 408
16 417
16 424
16 425
16 445
16 457
16 486
16 515
16 517
16 534
16 541
16 547
16 560
16 566
16 575
16 578
16 582
16 596
16 599
16 625
16 647
16 649
16 654
16 663
16 682
16 687
16 691
16 693
16 699
16 704
16 710
16 724
16 727
16 741
16 753
16 755
16 792
16 821
16 831
16 841
16 893
16 895
16 896
16 941
16 957
16 968
16 994
17 20
17 21
17 25
17 32
17 34
17 36
17 37
17 40
17 41
17 43
17 44
17 46
17 49
17 52
17 53
17 54
17 55
17 56
17 64
17 69
17 71
17 72
17 77
17 91
17 94
17 99
17 100
17 105
17 108
17 109
17 110
17 111
17 116
17 117
17 119
17 129
17 131
17 134
17 142
17 152
17 162
17 165
17 184
17 185
17 194
17 205
17 216
17 226
17 228
17 231
17 235
17 237
17 243
17 257
17 278
17 295
17 301
17 302
17 313
17 326
17 343
17 354
17 357
17 364
17 366
17 392
17 424
17 448
17 449
17 463
17 464
17 466
17 481
17 486
17 487
17 501
17 508
17 541
17 545
17 551
17 553
17 587
17 606
17 609
17 639
17 647
17 667
17 668
17 680
17 681
17 685
17 715
17 720
17 751
17 769
17 786
17 790
17 793
17 795
17 812
17 855
17 868
17 892
17 926
18 20
18 21
18 22
18 23
18 29
18 31
18 32
18 34
18 37
18 38
18 40
18 46
18 48
18 51
18 56
18 63
18 64
18 66
18 70
18 71
18 73
18 75
18 79
18 80
18 83
18 84
18 86
18 99
18 111
18 112
18 122
18 125
18 126
18 129
18 132
18 137
18 141
18 148
18 151
18 152
18 155
18 160
18 182
18 185
18 188
18 196
18 198
18 202
18 207
18 208
18 224
18 226
18 227
18 229
18 244
18 257
18 262
18 284
18 287
18 288
18 290
18 297
18 314
18 323
18 324
18 328
18 340
18 345
18 346
18 355
18 357
18 382
18 383
18 385
18 387
18 397
18 434
18 439
18 441
18 445
18 449
18 454
18 464
18 505
18 508
18 511
18 524
18 535
18 540
18 543
18 551
18 553
18 559
18 566
18 570
18 577
18 581
18 600
18 608
18 618
18 626
18 655
18 660
18 666
18 676
18 714
18 742
18 746
18 747
18 750
18 757
18 778
18 802
18 821
18 824
18 836
18 842
18 843
18 859
18 885
18 904
18 914
18 937
18 956
18 976
18 993
19 22
19 23
19 27
19 28
19 29
19 30
19 32
19 37
19 41
19 47
19 48
19 57
19 61
19 76
19 80
19 98
19 101
19 104
19 120
19 121
19 142
19 146
19 162
19 172
19 188
19 207
19 218
19 236
19 244
19 264
19 275
19 279
19 298
19 318
19 337
19 345
19 354
19 405
19 417
19 426
19 460
19 468
19 482
19 516
19 517
19 523
19 525
19 544
19 545
19 547
19 577
19 595
19 609
19 622
19 650
19 656
19 678
19 680
19 684
19 698
19 839
19 844
19 869
19 930
19 967
19 978
19 981
20 22
20 24
20 25
20 27
20 38
20 42
20 47
20 48
20 51
20 54
20 55
20 58
20 60
20 62
20 64
20 67
20 68
20 76
20 81
20 86
20 88
20 90
20 101
20 103
20 116
20 124
20 125
20 132
20 163
20 165
20 190
20 208
20 226
20 235
20 239
20 262
20 271
20 274
20 292
20 300
20 315
20 323
20 339
20 348
20 350
20 358
20 366
20 368
20 384
20 388
20 391
20 407
20 419
20 420
20 438
20 444
20 448
20 462
20 463
20 497
20 509
20 531
20 532
20 562
20 569
20 671
20 724
20 729
20 732
20 739
20 816
20 827
20 833
20 851
20 876
20 887
20 897
20 899
20 935
20 943
20 982
20 990
20 996
21 23
21 25
21 31
21 35
21 39
21 44
21 47
21 52
21 55
21 56
21 57
21 58
21 61
21 64
21 71
21 73
21 74
21 76
21 77
21 79
21 85
21 86
21 93
21 123
21 127
21 137
21 139
21 140
21 143
21 150
21 155
21 156
21 159
21 168
21 175
21 191
21 203
21 218
21 232
21 235
21 255
21 265
21 268
21 276
21 296
21 304
21 310
21 326
21 338
21 342
21 360
21 361
21 363
21 369
21 428
21 438
21 445
21 447
21 452
21 453
21 456
21 469
21 504
21 534
21 535
21 538
21 572
21 577
21 603
21 611
21 629
21 674
21 686
21 704
21 729
21 747
21 754
21 762
21 787
21 803
21 806
21 815
21 837
21 860
21 875
21 910
21 918
21 928
21 942
21 945
21 978
22 24
22 27
22 29
22 33
22 48
22 50
22 51
22 59
22 69
22 74
22 87
22 90
22 105
22 106
22 109
22 116
22 134
22 143
22 152
22 165
22 168
22 170
22 174
22 194
22 195
22 206
22 207
22 220
22 234
22 235
22 239
22 259
22 264
22 273
22 286
22 326
22 355
22 383
22 390
22 399
22 403
22 413
22 427
22 439
22 488
22 527
22 542
22 565
22 585
22 602
22 616
22 639
22 652
22 677
22 715
22 734
22 747
22 751
22 752
22 797
22 848
22 867
22 914
22 945
22 981
22 984
23 25
23 26
23 28
23 31
23 35
23 37
23 39
23 43
23 46
23 49
23 50
23 51
23 52
23 57
23 62
23 65
23 69
23 70
23 75
23 76
23 83
23 85
23 93
23 104
23 112
23 116
23 117
23 128
23 131
23 134
23 141
23 149
23 152
23 157
23 160
23 177
23 179
23 202
23 229
23 238
23 246
23 255
23 259
23 272
23 293
23 326
23 348
23 351
23 378
23 385
23 386
23 389
23 396
23 414
23 416
23 417
23 420
23 428
23 433
23 448
23 461
23 464
23 478
23 479
23 489
23 502
23 505
23 534
23 550
23 570
23 618
23 637
23 649
23 651
23 655
23 660
23 674
23 681
23 684
23 698
23 699
23 733
23 746
23 758
23 837
23 848
23 879
23 941
23 945
23 949
23 966
23 967
23 971
23 973
23 995
23 996
24 29
24 31
24 38
24 40
24 57
24 58
24 63
24 67
24 109
24 122
24 161
24 170
24 171
24 172
24 177
24 199
24 211
24 215
24 246
24 250
24 254
24 270
24 275
24 284
24 291
24 313
24 321
24 347
24 358
24 390
24 422
24 433
24 450
24 462
24 482
24 487
24 494
24 508
24 606
24 664
24 676
24 801
24 804
24 842
24 873
24 903
24 968
24 987
24 998
25 26
25 29
25 42
25 46
25 47
25 49
25 55
25 70
25 75
25 82
25 83
25 104
25 115
25 120
25 149
25 150
25 168
25 170
25 180
25 190
25 200
25 214
25 218
25 225
25 238
25 247
25 248
25 252
25 314
25 338
25 341
25 345
25 349
25 359
25 394
25 423
25 442
25 479
25 495
25 544
25 581
25 583
25 588
25 593
25 599
25 612
25 644
25 657
25 708
25 741
25 765
25 811
25 827
25 836
25 854
25 860
25 925
25 942
25 953
25 999
26 27
26 28
26 30
26 31
26 33
26 35
26 36
26 39
26 43
26 47
26 59
26 60
26 63
26 66
26 67
26 74
26 84
26 87
26 93
26 94
26 99
26 113
26 118
26 119
26 121
26 135
26 138
26 154
26 156
26 177
26 184
26 187
26 195
26 250
26 262
26 266
26 285
26 304
26 306
26 321
26 331
26 333
26 351
26 356
26 379
26 391
26 406
26 415
26 426
26 434
26 446
26 455
26 465
26 468
26 486
26 511
26 529
26 543
26 549
26 591
26 608
26 650
26 652
26 661
26 688
26 721
26 837
26 844
26 875
26 887
26 937
27 29
27 30
27 32
27 34
27 36
27 49
27 80
27 87
27 107
27 109
27 124
27 129
27 133
27 134
27 146
27 158
27 160
27 164
27 165
27 169
27 171
27 172
27 182
27 184
27 190
27 217
27 220
27 226
27 250
27 275
27 299
27 301
27 312
27 313
27 317
27 330
27 337
27 340
27 347
27 355
27 362
27 393
27 408
27 449
27 468
27 511
27 520
27 540
27 543
27 560
27 573
27 575
27 586
27 601
27 607
27 616
27 621
27 662
27 672
27 673
27 679
27 713
27 737
27 820
27 828
27 841
27 865
27 873
27 877
27 878
27 879
27 892
27 897
27 917
27 920
27 938
27 962
27 970
27 998
28 29
28 30
28 32
28 37
28 43
28 49
28 62
28 75
28 77
28 86
28 104
28 114
28 117
28 124
28 125
28 135
28 183
28 205
28 232
28 244
28 259
28 279
28 305
28 336
28 338
28 349
28 350
28 390
28 402
28 410
28 443
28 460
28 514
28 563
28 565
28 619
28 645
28 663
28 670
28 715
28 771
28 807
28 855
28 871
28 965
29 30
29 32
29 34
29 35
29 36
29 44
29 56
29 68
29 72
29 73
29 78
29 106
29 116
29 117
29 135
29 137
29 182
29 183
29 198
29 210
29 231
29 248
29 257
29 294
29 296
29 302
29 304
29 336
29 339
29 352
29 401
29 426
29 442
29 479
29 498
29 521
29 547
29 555
29 564
29 577
29 588
29 610
29 645
29 662
29 701
29 708
29 725
29 758
29 761
29 774
29 782
29 837
29 892
29 912
29 969
29 972
29 973
29 992
30 33
30 36
30 37
30 43
30 44
30 51
30 53
30 54
30 57
30 63
30 71
30 72
30 73
30 76
30 80
30 81
30 89
30 90
30 92
30 112
30 128
30 140
30 141
30 154
30 158
30 159
30 162
30 168
30 169
30 173
30 184
30 204
30 237
30 277
30 280
30 297
30 310
30 318
30 351
30 353
30 407
30 408
30 424
30 438
30 453
30 455
30 461
30 473
30 488
30 501
30 506
30 511
30 516
30 519
30 526
30 561
30 562
30 569
30 586
30 590
30 600
30 602
30 618
30 619
30 631
30 639
30 648
30 649
30 691
30 705
30 709
30 718
30 792
30 803
30 814
30 827
30 832
30 841
30 843
30 881
30 884
30 907
30 928
30 955
30 959
30 974
30 983
30 990
31 33
31 41
31 46
31 58
31 78
31 81
31 86
31 92
31 95
31 99
31 100
31 152
31 158
31 168
31 170
31 171
31 197
31 199
31 227
31 240
31 242
31 266
31 346
31 365
31 382
31 418
31 433
31 462
31 494
31 551
31 635
31 651
31 699
31 774
31 780
31 782
31 799
31 819
31 854
31 893
31 908
31 913
31 926
31 946
31 947
31 958
32 38
32 44
32 45
32 52
32 60
32 65
32 66
32 80
32 103
32 105
32 109
32 127
32 155
32 181
32 184
32 198
32 201
32 212
32 227
32 231
32 238
32 241
32 247
32 255
32 262
32 273
32 274
32 290
32 305
32 308
32 353
32 360
32 372
32 384
32 412
32 415
32 441
32 472
32 507
32 530
32 547
32 554
32 558
32 565
32 567
32 573
32 578
32 579
32 590
32 598
32 623
32 628
32 667
32 693
32 718
32 733
32 762
32 790
32 813
32 827
32 864
32 869
32 872
32 882
32 886
32 903
32 905
32 912
32 915
32 965
32 985
32 990
32 996
32 998
33 34
33 35
33 43
33 46
33 48
33 50
33 55
33 61
33 64
33 86
33 90
33 93
33 107
33 114
33 145
33 151
33 165
33 179
33 195
33 220
33 233
33 251
33 277
33 284
33 286
33 303
33 311
33 319
33 377
33 379
33 445
33 458
33 479
33 516
33 519
33 539
33 543
33 549
33 572
33 573
33 585
33 670
33 742
33 808
33 826
33 828
33 857
33 869
33 882
33 883
33 903
33 970
34 42
34 71
34 112
34 147
34 161
34 249
34 259
34 274
34 314
34 335
34 393
34 395
34 422
34 495
34 496
34 509
34 652
34 655
34 706
34 739
34 744
34 747
34 791
34 792
34 810
34 812
34 882
34 898
34 916
34 933
34 947
34 960
34 973
34 988
35 39
35 41
35 43
35 54
35 61
35 89
35 98
35 103
35 110
35 112
35 132
35 134
35 144
35 145
35 146
35 149
35 169
35 183
35 190
35 206
35 213
35 223
35 224
35 229
35 240
35 247
35 249
35 252
35 264
35 277
35 282
35 295
35 312
35 325
35 326
35 330
35 362
35 382
35 410
35 444
35 461
35 474
35 476
35 480
35 528
35 545
35 568
35 589
35 590
35 595
35 602
35 620
35 625
35 630
35 645
35 649
35 656
35 671
35 688
35 690
35 692
35 697
35 711
35 720
35 761
35 786
35 841
35 854
35 907
35 921
36 40
36 66
36 68
36 81
36 82
36 84
36 85
36 93
36 94
36 97
36 99
36 102
36 119
36 156
36 158
36 160
36 163
36 180
36 196
36 197
36 213
36 227
36 228
36 230
36 237
36 245
36 249
36 252
36 278
36 291
36 310
36 320
36 324
36 338
36 339
36 367
36 377
36 382
36 389
36 405
36 434
36 442
36 457
36 476
36 491
36 519
36 521
36 524
36 552
36 609
36 616
36 676
36 694
36 739
36 792
36 817
36 850
36 885
36 897
36 960
36 961
36 980
36 984
36 989
36 995
37 42
37 53
37 72
37 95
37 106
37 139
37 150
37 164
37 206
37 212
37 226
37 228
37 254
37 297
37 332
37 471
37 643
37 702
37 716
37 731
37 811
37 906
37 917
37 992
38 39
38 41
38 45
38 47
38 56
38 57
38 65
38 66
38 70
38 77
38 80
38 88
38 89
38 92
38 103
38 106
38 113
38 115
38 116
38 130
38 132
38 134
38 137
38 140
38 144
38 149
38 155
38 159
38 173
38 184
38 196
38 199
38 200
38 205
38 212
38 217
38 222
38 223
38 245
38 261
38 268
38 272
38 321
38 339
38 341
38 348
38 367
38 368
38 371
38 377
38 385
38 391
38 407
38 420
38 427
38 457
38 476
38 496
38 503
38 539
38 618
38 637
38 657
38 674
38 700
38 703
38 717
38 747
38 753
38 779
38 785
38 791
38 811
38 823
38 852
38 883
38 905
38 908
38 909
38 953
38 977
38 992
39 48
39 59
39 63
39 69
39 78
39 82
39 83
39 89
39 91
39 96
39 103
39 111
39 114
39 120
39 124
39 126
39 134
39 142
39 147
39 152
39 157
39 159
39 177
39 195
39 255
39 256
39 276
39 277
39 281
39 286
39 302
39 315
39 325
39 329
39 330
39 331
39 339
39 363
39 377
39 379
39 407
39 482
39 489
39 496
39 509
39 515
39 518
39 549
39 559
39 573
39 575
39 582
39 589
39 609
39 623
39 652
39 661
39 662
39 670
39 678
39 682
39 691
39 707
39 710
39 711
39 739
39 766
39 797
39 798
39 814
39 820
39 823
39 863
39 870
39 871
39 888
39 917
39 918
39 922
39 924
39 944
39 973
40 52
40 58
40 76
40 87
40 97
40 99
40 100
40 102
40 107
40 110
40 112
40 115
40 120
40 121
40 128
40 137
40 138
40 142
40 143
40 159
40 186
40 188
40 206
40 208
40 211
40 213
40 219
40 223
40 225
40 233
40 238
40 255
40 261
40 271
40 286
40 291
40 294
40 314
40 320
40 325
40 328
40 333
40 374
40 398
40 402
40 405
40 426
40 439
40 443
40 454
40 484
40 490
40 507
40 509
40 516
40 546
40 550
40 559
40 560
40 561
40 576
40 585
40 589
40 591
40 599
40 614
40 634
40 640
40 669
40 691
40 695
40 721
40 779
40 780
40 792
40 810
40 849
40 893
40 927
40 990
41 43
41 48
41 76
41 77
41 81
41 84
41 87
41 95
41 96
41 98
41 100
41 107
41 111
41 113
41 132
41 190
41 193
41 201
41 241
41 242
41 244
41 253
41 268
41 319
41 349
41 352
41 355
41 360
41 362
41 397
41 423
41 440
41 447
41 464
41 493
41 511
41 516
41 520
41 555
41 582
41 589
41 592
41 615
41 656
41 689
41 703
41 744
41 771
41 846
41 861
41 884
41 909
41 944
41 945
41 946
41 986
42 45
42 57
42 67
42 72
42 98
42 125
42 133
42 153
42 166
42 180
42 192
42 202
42 210
42 214
42 250
42 255
42 277
42 316
42 359
42 380
42 387
42 392
42 417
42 419
42 497
42 527
42 531
42 571
42 581
42 602
42 625
42 646
42 653
42 689
42 715
42 738
42 771
42 781
42 895
42 913
42 951
43 45
43 50
43 56
43 58
43 63
43 68
43 74
43 83
43 91
43 92
43 99
43 105
43 109
43 119
43 120
43 123
43 131
43 153
43 156
43 157
43 162
43 174
43 176
43 206
43 216
43 236
43 237
43 246
43 247
43 248
43 263
43 269
43 283
43 290
43 300
43 306
43 345
43 370
43 421
43 422
43 461
43 473
43 475
43 481
43 489
43 491
43 504
43 557
43 576
43 591
43 600
43 615
43 637
43 639
43 647
43 674
43 682
43 695
43 732
43 776
43 800
43 807
43 808
43 812
43 860
43 925
43 947
43 974
43 975
43 988
44 50
44 54
44 55
44 58
44 59
44 98
44 103
44 111
44 112
44 130
44 139
44 153
44 170
44 173
44 185
44 209
44 239
44 289
44 293
44 299
44 303
44 398
44 401
44 402
44 435
44 467
44 508
44 535
44 538
44 543
44 572
44 605
44 627
44 728
44 729
44 730
44 781
44 784
44 839
44 843
44 875
44 885
44 911
44 912
44 939
44 967
45 53
45 78
45 82
45 83
45 84
45 91
45 93
45 95
45 103
45 110
45 111
45 124
45 131
45 141
45 147
45 148
45 150
45 162
45 165
45 186
45 190
45 202
45 209
45 221
45 222
45 243
45 248
45 257
45 262
45 268
45 273
45 303
45 307
45 315
45 323
45 328
45 358
45 374
45 381
45 384
45 400
45 404
45 418
45 424
45 472
45 483
45 494
45 496
45 507
45 510
45 553
45 557
45 568
45 569
45 636
45 706
45 719
45 724
45 729
45 778
45 789
45 791
45 844
45 890
45 904
45 933
45 945
45 973
45 978
46 55
46 63
46 77
46 159
46 236
46 239
46 288
46 318
46 344
46 361
46 369
46 409
46 424
46 425
46 445
46 465
46 491
46 570
46 573
46 583
46 594
46 601
46 610
46 634
46 660
46 682
46 695
46 708
46 807
46 849
46 862
46 902
46 956
46 988
47 58
47 59
47 79
47 88
47 94
47 129
47 175
47 189
47 207
47 210
47 227
47 228
47 241
47 257
47 264
47 273
47 302
47 347
47 371
47 432
47 447
47 450
47 464
47 530
47 581
47 605
47 708
47 763
47 787
47 804
47 848
47 983
48 65
48 67
48 71
48 76
48 78
48 101
48 120
48 126
48 135
48 138
48 143
48 154
48 162
48 164
48 167
48 170
48 178
48 180
48 193
48 226
48 241
48 269
48 289
48 328
48 344
48 377
48 384
48 409
48 432
48 484
48 503
48 504
48 525
48 537
48 545
48 659
48 687
48 749
48 804
48 908
48 920
49 51
49 56
49 63
49 95
49 120
49 122
49 124
49 134
49 140
49 148
49 162
49 186
49 191
49 210
49 224
49 267
49 269
49 279
49 282
49 291
49 294
49 300
49 316
49 324
49 346
49 359
49 386
49 400
49 413
49 453
49 456
49 470
49 498
49 508
49 512
49 537
49 571
49 573
49 580
49 598
49 626
49 635
49 642
49 663
49 696
49 821
49 863
49 979
50 61
50 62
50 74
50 166
50 172
50 181
50 191
50 230
50 253
50 275
50 287
50 325
50 340
50 341
50 355
50 375
50 390
50 436
50 441
50 470
50 552
50 583
50 612
50 627
50 633
50 741
50 747
50 841
51 74
51 80
51 105
51 108
51 117
51 170
51 180
51 181
51 197
51 199
51 213
51 228
51 251
51 271
51 275
51 318
51 340
51 367
51 393
51 458
51 540
51 553
51 564
51 580
51 626
51 642
51 647
51 668
51 669
51 679
51 709
51 739
51 781
51 810
51 850
51 977
52 70
52 85
52 92
52 95
52 110
52 197
52 212
52 276
52 293
52 305
52 320
52 321
52 323
52 332
52 334
52 345
52 348
52 351
52 369
52 381
52 391
52 397
52 413
52 431
52 436
52 483
52 524
52 546
52 717
52 762
52 806
52 844
52 858
52 877
52 923
52 931
52 936
52 943
52 969
53 66
53 68
53 72
53 78
53 125
53 130
53 141
53 142
53 158
53 215
53 230
53 244
53 245
53 265
53 269
53 295
53 302
53 337
53 383
53 395
53 413
53 452
53 559
53 561
53 591
53 604
53 611
53 623
53 642
53 670
53 711
53 785
53 827
53 888
53 909
53 932
53 950
53 964
54 65
54 70
54 72
54 73
54 84
54 94
54 104
54 108
54 122
54 126
54 128
54 163
54 169
54 171
54 189
54 207
54 242
54 257
54 274
54 288
54 299
54 316
54 354
54 410
54 435
54 441
54 467
54 471
54 476
54 502
54 504
54 509
54 558
54 595
54 627
54 668
54 673
54 697
54 704
54 752
54 760
54 774
54 881
54 927
54 974
55 60
55 61
55 81
55 84
55 100
55 113
55 182
55 186
55 193
55 214
55 223
55 260
55 281
55 285
55 307
55 336
55 369
55 383
55 398
55 486
55 605
55 653
55 689
55 727
55 746
55 751
55 760
55 777
55 868
55 879
55 986
56 60
56 62
56 64
56 86
56 90
56 94
56 127
56 162
56 186
56 193
56 194
56 263
56 308
56 377
56 394
56 415
56 451
56 488
56 503
56 524
56 530
56 568
56 585
56 628
56 634
56 756
56 759
56 814
56 864
56 886
56 944
56 955
56 984
57 61
57 72
57 79
57 80
57 85
57 88
57 99
57 104
57 135
57 143
57 162
57 182
57 211
57 246
57 253
57 258
57 266
57 275
57 293
57 301
57 305
57 347
57 439
57 461
57 504
57 515
57 552
57 575
57 695
57 857
57 867
57 895
57 938
57 999
58 60
58 61
58 85
58 87
58 104
58 110
58 119
58 121
58 127
58 136
58 156
58 174
58 216
58 234
58 244
58 280
58 467
58 491
58 496
58 514
58 525
58 536
58 562
58 632
58 640
58 671
58 673
58 770
58 783
58 797
58 844
58 922
59 60
59 64
59 78
59 79
59 88
59 129
59 132
59 153
59 176
59 178
59 225
59 233
59 238
59 266
59 271
59 289
59 296
59 306
59 309
59 333
59 450
59 470
59 480
59 501
59 519
59 528
59 589
59 590
59 592
59 619
59 625
59 636
59 642
59 659
59 751
59 789
59 809
59 817
59 845
59 894
59 905
59 911
59 935
59 950
59 992
60 64
60 68
60 69
60 76
60 137
60 155
60 166
60 171
60 175
60 185
60 203
60 213
60 298
60 319
60 360
60 362
60 367
60 412
60 444
60 449
60 503
60 513
60 601
60 603
60 623
60 629
60 653
60 665
60 669
60 700
60 857
60 937
60 940
60 949
60 956
60 971
60 977
61 74
61 85
61 102
61 126
61 130
61 145
61 150
61 204
61 233
61 239
61 276
61 283
61 393
61 462
61 493
61 510
61 517
61 561
61 615
61 721
61 968
61 969
61 993
62 73
62 96
62 121
62 148
62 161
62 183
62 186
62 190
62 191
62 217
62 235
62 256
62 286
62 295
62 310
62 329
62 337
62 378
62 419
62 443
62 472
62 533
62 554
62 580
62 618
62 623
62 641
62 651
62 750
62 754
62 799
62 816
63 68
63 100
63 107
63 109
63 163
63 167
63 175
63 195
63 240
63 259
63 262
63 271
63 349
63 379
63 406
63 436
63 481
63 506
63 515
63 625
63 658
63 683
63 696
63 813
63 851
63 974
63 993
64 77
64 83
64 100
64 102
64 139
64 151
64 154
64 161
64 171
64 175
64 197
64 200
64 219
64 220
64 239
64 243
64 268
64 271
64 285
64 330
64 334
64 343
64 366
64 393
64 394
64 407
64 439
64 461
64 463
64 464
64 473
64 485
64 522
64 536
64 566
64 574
64 612
64 614
64 653
64 784
64 806
64 818
64 861
64 866
64 869
64 890
64 891
64 921
64 925
64 933
64 975
64 976
65 83
65 84
65 118
65 125
65 128
65 139
65 141
65 148
65 167
65 168
65 172
65 190
65 204
65 220
65 236
65 254
65 260
65 270
65 347
65 393
65 398
65 417
65 428
65 441
65 444
65 516
65 524
65 533
65 561
65 576
65 607
65 611
65 623
65 651
65 670
65 726
65 731
65 738
65 744
65 807
65 851
65 925
65 932
65 980
66 68
66 70
66 108
66 125
66 193
66 363
66 397
66 403
66 541
66 771
66 946
66 956
67 72
67 91
67 97
67 99
67 109
67 114
67 115
67 197
67 218
67 257
67 290
67 352
67 405
67 438
67 504
67 519
67 531
67 581
67 617
67 621
67 795
67 882
67 899
67 908
67 975
68 69
68 70
68 89
68 138
68 153
68 194
68 249
68 297
68 319
68 367
68 430
68 469
68 524
68 544
68 593
68 607
68 709
68 753
68 769
68 785
68 880
68 962
69 128
69 167
69 172
69 189
69 313
69 340
69 523
69 681
69 742
69 812
69 953
70 92
70 96
70 123
70 130
70 136
70 189
70 215
70 227
70 261
70 281
70 372
70 373
70 375
70 379
70 412
70 446
70 483
70 500
70 518
70 530
70 718
70 785
70 856
70 963
71 73
71 74
71 82
71 86
71 93
71 110
71 117
71 157
71 174
71 202
71 221
71 229
71 232
71 240
71 254
71 259
71 270
71 298
71 308
71 309
71 310
71 320
71 351
71 365
71 425
71 428
71 435
71 503
71 569
71 591
71 618
71 655
71 656
71 735
71 745
71 766
71 901
71 909
71 931
71 947
71 959
72 81
72 98
72 284
72 333
72 377
72 403
72 707
72 890
72 947
73 75
73 76
73 108
73 120
73 129
73 132
73 157
73 167
73 210
73 232
73 273
73 333
73 334
73 341
73 358
73 409
73 410
73 413
73 474
73 483
73 535
73 537
73 541
73 552
73 569
73 572
73 586
73 615
73 637
73 708
73 730
73 731
73 738
73 739
73 747
73 766
73 815
73 818
73 820
73 822
73 827
73 845
73 868
73 890
73 899
73 932
73 942
73 963
73 979
73 997
74 92
74 101
74 198
74 207
74 212
74 252
74 270
74 286
74 342
74 388
74 482
74 514
74 654
74 672
74 789
74 871
74 934
74 952
74 990
75 82
75 91
75 122
75 169
75 192
75 250
75 265
75 305
75 327
75 395
75 423
75 507
75 513
75 517
75 541
75 591
75 598
75 613
75 643
75 735
75 761
75 783
75 853
75 878
75 887
75 913
75 919
75 961
75 993
76 82
76 95
76 96
76 106
76 107
76 114
76 127
76 144
76 145
76 154
76 158
76 206
76 208
76 227
76 278
76 422
76 496
76 528
76 540
76 561
76 571
76 597
76 601
76 755
76 824
76 852
76 867
76 958
76 997
77 91
77 93
77 97
77 98
77 105
77 117
77 118
77 127
77 139
77 162
77 172
77 197
77 225
77 272
77 292
77 331
77 347
77 374
77 388
77 416
77 460
77 470
77 490
77 529
77 571
77 592
77 603
77 610
77 700
77 710
77 717
77 727
77 750
77 819
77 870
77 937
77 944
78 96
78 121
78 129
78 196
78 210
78 222
78 255
78 434
78 632
78 760
78 771
78 879
78 951
78 999
79 115
79 124
79 138
79 167
79 180
79 182
79 183
79 221
79 222
79 242
79 306
79 312
79 318
79 323
79 343
79 389
79 472
79 477
79 509
79 527
79 544
79 546
79 560
79 599
79 624
79 635
79 644
79 665
79 676
79 693
79 720
79 735
79 762
79 800
79 809
79 822
79 825
79 866
79 907
79 935
79 955
79 960
80 102
80 109
80 158
80 214
80 250
80 259
80 275
80 352
80 354
80 366
80 428
80 448
80 505
80 513
80 550
80 606
80 651
80 669
80 670
80 691
80 694
80 696
80 823
80 858
80 877
81 94
81 97
81 108
81 125
81 207
81 218
81 243
81 314
81 394
81 443
81 453
81 461
81 534
81 548
81 595
81 628
81 633
81 712
81 736
81 773
81 783
81 805
81 874
81 951
81 994
82 142
82 150
82 166
82 183
82 242
82 267
82 338
82 380
82 398
82 456
82 472
82 521
82 611
82 622
82 690
82 723
82 746
82 764
82 781
82 863
82 921
83 93
83 101
83 143
83 163
83 165
83 228
83 248
83 269
83 270
83 312
83 367
83 378
83 431
83 455
83 473
83 580
83 614
83 625
83 651
83 677
83 687
83 717
83 729
83 730
83 791
83 958
83 984
84 88
84 147
84 169
84 215
84 225
84 245
84 315
84 331
84 362
84 368
84 408
84 439
84 458
84 467
84 487
84 491
84 534
84 551
84 566
84 790
84 796
84 835
84 851
84 896
84 916
84 983
85 159
85 164
85 178
85 230
85 335
85 436
85 437
85 450
85 483
85 548
85 586
85 641
85 695
85 706
85 741
85 856
85 900
85 905
85 934
85 959
86 97
86 107
86 127
86 192
86 198
86 205
86 228
86 234
86 236
86 250
86 274
86 282
86 289
86 304
86 315
86 392
86 416
86 548
86 581
86 587
86 665
86 675
86 794
86 835
86 874
86 877
86 889
86 990
86 997
87 89
87 95
87 97
87 102
87 136
87 139
87 147
87 176
87 187
87 212
87 224
87 260
87 334
87 349
87 374
87 382
87 395
87 605
87 738
87 774
87 805
87 815
87 816
87 823
87 830
87 862
87 954
87 965
88 89
88 106
88 107
88 226
88 227
88 248
88 349
88 494
88 512
88 531
88 579
88 815
88 957
89 101
89 115
89 122
89 136
89 161
89 170
89 205
89 293
89 306
89 317
89 346
89 368
89 514
89 523
89 610
89 701
89 776
89 867
89 988
90 113
90 119
90 124
90 137
90 147
90 149
90 179
90 200
90 211
90 233
90 258
90 263
90 298
90 335
90 381
90 385
90 387
90 391
90 471
90 475
90 482
90 498
90 726
90 781
90 792
90 806
90 836
90 855
90 879
90 883
90 964
90 995
90 999
91 97
91 112
91 118
91 146
91 148
91 163
91 203
91 233
91 235
91 240
91 254
91 256
91 265
91 270
91 316
91 326
91 335
91 349
91 364
91 366
91 370
91 418
91 458
91 478
91 518
91 566
91 672
91 718
91 801
91 845
91 846
91 871
91 885
92 102
92 105
92 114
92 116
92 132
92 151
92 184
92 185
92 293
92 319
92 321
92 328
92 361
92 393
92 426
92 443
92 465
92 478
92 493
92 502
92 512
92 523
92 546
92 722
92 760
92 764
92 815
92 823
92 833
92 983
93 117
93 151
93 211
93 216
93 217
93 247
93 294
93 296
93 298
93 305
93 344
93 357
93 381
93 384
93 404
93 406
93 452
93 494
93 503
93 526
93 621
93 652
93 654
93 723
93 759
93 789
93 997
94 116
94 151
94 240
94 241
94 269
94 287
94 347
94 374
94 389
94 411
94 574
94 583
94 596
94 602
94 630
94 744
94 775
94 860
94 932
94 964
95 119
95 165
95 177
95 242
95 267
95 375
95 517
95 714
95 738
95 764
95 923
96 119
96 213
96 303
96 311
96 323
96 474
96 543
96 705
97 102
97 108
97 175
97 234
97 258
97 273
97 296
97 341
97 343
97 391
97 420
97 425
97 436
97 572
97 661
97 662
97 672
98 101
98 141
98 157
98 172
98 174
98 199
98 220
98 294
98 299
98 328
98 345
98 538
98 570
98 656
98 677
98 678
98 693
98 786
98 800
98 828
98 835
98 937
98 999
99 105
99 111
99 113
99 114
99 143
99 147
99 185
99 272
99 277
99 289
99 315
99 337
99 350
99 372
99 382
99 388
99 406
99 418
99 429
99 442
99 443
99 466
99 547
99 550
99 567
99 569
99 575
99 579
99 595
99 606
99 617
99 632
99 653
99 662
99 668
99 670
99 680
99 692
99 735
99 742
99 767
99 805
99 861
99 905
99 924
99 939
100 113
100 126
100 127
100 145
100 166
100 180
100 197
100 220
100 224
100 230
100 231
100 269
100 287
100 297
100 340
100 391
100 421
100 433
100 483
100 504
100 527
100 633
100 654
100 729
100 809
100 822
100 970
101 120
101 121
101 142
101 146
101 178
101 244
101 292
101 309
101 381
101 397
101 489
101 547
101 589
101 662
101 770
101 957
102 132
102 149
102 177
102 198
102 199
102 221
102 284
102 294
102 301
102 324
102 394
102 415
102 485
102 518
102 520
102 537
102 661
102 668
102 687
102 695
102 699
102 719
102 725
102 758
102 910
103 121
103 188
103 189
103 221
103 230
103 263
103 335
103 337
103 399
103 497
103 580
103 596
103 743
103 789
104 109
104 126
104 128
104 178
104 179
104 191
104 195
104 234
104 238
104 268
104 343
104 394
104 401
104 477
104 542
104 661
104 754
104 788
104 862
104 869
104 904
105 114
105 119
105 123
105 129
105 146
105 235
105 299
105 308
105 356
105 380
105 397
105 402
105 436
105 488
105 673
105 765
105 782
105 807
105 939
105 979
106 113
106 122
106 130
106 146
106 171
106 203
106 237
106 259
106 260
106 262
106 284
106 312
106 333
106 411
106 447
106 469
106 493
106 507
106 508
106 518
106 578
106 617
106 624
106 636
106 694
106 753
106 757
106 768
106 774
106 810
106 853
106 893
107 111
107 117
107 155
107 188
107 234
107 280
107 402
107 405
107 449
107 598
108 110
108 114
108 116
108 128
108 131
108 134
108 153
108 164
108 189
108 205
108 226
108 232
108 251
108 282
108 324
108 325
108 334
108 437
108 448
108 450
108 483
108 490
108 604
108 605
108 776
108 799
108 813
108 835
108 896
108 956
108 967
109 115
109 118
109 141
109 174
109 201
109 224
109 260
109 327
109 365
109 388
109 420
109 475
109 480
109 526
109 527
109 547
109 605
109 679
109 847
109 871
109 896
109 920
109 971
109 995
110 115
110 123
110 143
110 234
110 261
110 277
110 322
110 385
110 399
110 440
110 513
110 593
110 626
110 642
110 680
110 712
110 778
110 822
111 112
111 187
111 216
111 241
111 319
111 389
111 404
111 416
111 428
111 487
111 524
111 579
111 797
112 146
112 173
112 179
112 247
112 257
112 308
112 323
112 331
112 387
112 436
112 456
112 463
112 479
112 535
112 663
112 697
112 815
112 854
112 961
113 123
113 143
113 161
113 214
113 396
113 405
113 550
113 564
113 605
113 708
113 713
113 778
113 850
113 856
114 130
114 140
114 197
114 204
114 243
114 280
114 357
114 385
114 454
114 518
114 550
114 593
114 620
114 634
114 740
114 886
114 975
114 995
115 153
115 282
115 289
115 378
115 425
115 519
115 520
115 629
115 682
115 687
115 702
115 710
115 736
115 758
115 811
115 859
115 884
115 887
116 148
116 154
116 200
116 257
116 320
116 412
116 446
116 505
116 714
116 909
117 156
117 328
117 392
117 419
117 436
117 498
117 599
117 656
117 773
117 863
117 880
117 914
117 925
117 998
118 150
118 157
118 166
118 186
118 253
118 281
118 302
118 382
118 408
118 456
118 470
118 567
118 653
118 671
118 709
118 712
118 840
118 853
118 964
119 129
119 132
119 181
119 253
119 307
119 340
119 342
119 372
119 378
119 386
119 404
119 571
119 583
119 586
119 771
119 797
119 813
119 826
119 860
119 964
120 152
120 161
120 168
120 186
120 191
120 202
120 209
120 212
120 213
120 230
120 283
120 295
120 344
120 380
120 395
120 397
120 419
120 438
120 471
120 484
120 497
120 500
120 550
120 629
120 651
120 653
120 674
120 729
120 745
120 802
120 832
120 851
120 889
120 891
120 961
121 444
121 606
121 795
121 853
121 866
121 969
122 176
122 177
122 187
122 363
122 430
122 479
122 532
122 539
122 557
122 585
122 596
122 657
122 659
122 703
122 743
123 135
123 141
123 153
123 294
123 295
123 340
123 415
123 481
123 516
123 545
123 612
123 628
123 638
123 641
123 686
123 768
123 857
123 861
123 912
124 130
124 131
124 144
124 204
124 217
124 298
124 301
124 304
124 311
124 413
124 460
124 554
124 755
124 815
124 989
125 128
125 135
125 136
125 138
125 147
125 160
125 161
125 163
125 176
125 177
125 178
125 182
125 277
125 333
125 352
125 371
125 375
125 398
125 414
125 426
125 446
125 467
125 492
125 493
125 525
125 537
125 578
125 590
125 591
125 652
125 654
125 665
125 668
125 683
125 684
125 715
125 720
125 724
125 742
125 756
125 823
125 855
125 885
125 930
125 954
126 131
126 133
126 154
126 173
126 191
126 220
126 261
126 264
126 291
126 318
126 320
126 332
126 357
126 474
126 506
126 538
126 547
126 564
126 604
126 620
126 629
126 709
126 874
126 898
126 963
126 966
127 136
127 140
127 204
127 221
127 224
127 227
127 261
127 274
127 276
127 280
127 352
127 356
127 373
127 394
127 410
127 469
127 470
127 502
127 509
127 539
127 544
127 558
127 571
127 592
127 610
127 648
127 649
127 652
127 662
127 685
127 708
127 731
127 807
127 814
127 915
127 943
127 962
128 129
128 152
128 196
128 251
128 262
128 265
128 332
128 365
128 434
128 484
128 501
128 555
128 593
128 597
128 682
128 714
128 815
128 850
128 861
128 990
129 144
129 182
129 192
129 285
129 286
129 387
129 467
129 574
129 587
129 653
129 681
129 742
129 876
129 988
130 144
130 154
130 159
130 168
130 222
130 265
130 282
130 285
130 314
130 339
130 401
130 402
130 425
130 440
130 492
130 510
130 528
130 534
130 779
130 793
130 859
130 922
130 940
130 941
130 949
130 977
131 157
131 176
131 186
131 204
131 260
131 307
131 371
131 448
131 490
131 575
131 627
131 731
131 737
131 753
131 935
132 133
132 148
132 152
132 156
132 217
132 245
132 247
132 279
132 307
132 356
132 367
132 370
132 376
132 424
132 446
132 458
132 502
132 645
132 654
132 716
132 840
132 841
132 842
132 904
132 963
132 980
133 194
133 207
133 344
133 373
133 374
133 430
133 449
133 533
133 534
133 568
133 636
133 667
133 751
133 768
133 777
133 834
133 871
133 923
133 934
133 937
133 943
134 154
134 166
134 191
134 215
134 288
134 354
134 367
134 407
134 642
134 676
134 748
134 851
135 138
135 181
135 182
135 192
135 206
135 214
135 233
135 256
135 307
135 338
135 364
135 438
135 485
135 570
135 607
135 638
135 643
135 789
135 908
135 940
135 982
136 201
136 219
136 222
136 412
136 476
136 481
136 548
136 556
136 562
136 686
136 776
136 788
136 842
136 855
136 893
137 139
137 148
137 167
137 181
137 254
137 273
137 336
137 345
137 402
137 404
137 463
137 501
137 527
137 609
137 611
137 634
137 635
137 683
137 894
137 918
138 145
138 161
138 166
138 187
138 218
138 232
138 246
138 247
138 248
138 263
138 349
138 373
138 377
138 538
138 615
138 624
138 708
138 748
138 757
138 769
138 791
138 994
139 163
139 179
139 184
139 203
139 211
139 237
139 250
139 294
139 309
139 478
139 483
139 530
139 565
139 735
139 824
140 160
140 178
140 181
140 184
140 193
140 205
140 221
140 253
140 256
140 312
140 353
140 422
140 440
140 466
140 495
140 568
140 663
140 717
140 720
140 731
140 762
140 770
140 776
140 780
140 796
140 822
140 832
140 873
140 883
140 925
141 145
141 157
141 160
141 209
141 211
141 238
141 312
141 357
141 408
141 430
141 432
141 437
141 452
141 466
141 667
141 716
141 736
141 749
141 762
141 767
141 817
141 868
141 918
141 993
142 145
142 148
142 154
142 192
142 311
142 330
142 437
142 470
142 505
142 520
142 532
142 586
142 599
142 632
142 642
142 819
142 857
143 155
143 192
143 201
143 286
143 429
143 467
143 878
143 934
144 147
144 161
144 256
144 264
144 267
144 317
144 337
144 394
144 454
144 600
144 643
144 670
144 694
144 748
145 153
145 156
145 163
145 169
145 180
145 191
145 210
145 287
145 304
145 333
145 376
145 404
145 414
145 433
145 583
145 617
145 621
145 661
145 673
145 689
145 713
145 864
146 173
146 174
146 210
146 296
146 298
146 327
146 338
146 402
146 428
146 529
146 541
146 630
146 638
146 709
146 721
146 788
146 954
146 961
147 292
147 343
147 432
147 442
147 631
147 633
147 651
147 699
147 798
147 831
148 201
148 203
148 215
148 246
148 270
148 289
148 307
148 329
148 392
148 405
148 429
148 445
148 531
148 568
148 620
148 697
149 177
149 229
149 285
149 321
149 368
149 475
149 500
149 590
149 813
149 892
150 160
150 245
150 246
150 403
150 409
150 458
150 465
150 479
150 480
150 594
150 652
150 709
150 859
150 937
151 187
151 251
151 330
151 350
151 505
151 586
151 609
151 621
151 740
151 819
151 928
152 177
152 231
152 242
152 290
152 511
152 561
152 714
152 716
152 722
152 763
152 771
152 795
152 917
153 200
153 203
153 213
153 240
153 276
153 281
153 326
153 348
153 460
153 787
153 816
153 922
154 295
154 314
154 423
154 516
154 641
154 835
155 226
155 299
155 346
155 440
155 459
155 475
155 517
155 565
155 566
155 600
155 650
155 861
155 875
155 922
156 163
156 187
156 201
156 230
156 234
156 244
156 252
156 263
156 286
156 291
156 305
156 365
156 375
156 376
156 386
156 390
156 400
156 430
156 437
156 495
156 530
156 532
156 629
156 665
156 704
156 746
156 767
156 787
156 790
156 795
156 823
156 849
156 882
156 894
156 910
156 920
156 922
156 934
156 965
156 989
156 995
157 160
157 164
157 168
157 208
157 229
157 294
157 339
157 350
157 376
157 399
157 406
157 421
157 454
157 470
157 500
157 545
157 581
157 607
157 620
157 643
157 661
157 704
157 779
157 797
157 819
157 849
157 906
157 949
157 993
158 183
158 193
158 196
158 231
158 282
158 283
158 311
158 314
158 466
158 469
158 554
158 564
158 635
158 902
159 269
159 383
159 408
159 419
159 439
159 491
159 541
159 776
159 808
159 930
160 205
160 237
160 265
160 283
160 286
160 341
160 489
160 554
160 588
160 660
160 692
160 809
160 873
160 916
161 167
161 202
161 212
161 221
161 263
161 283
161 322
161 332
161 364
161 369
161 423
161 444
161 468
161 469
161 510
161 617
161 619
161 671
161 698
161 826
161 901
161 928
161 978
162 178
162 218
162 302
162 388
162 389
162 487
162 533
162 712
162 718
162 893
163 215
163 219
163 227
163 247
163 262
163 270
163 282
163 285
163 343
163 429
163 432
163 490
163 497
163 544
163 546
163 555
163 565
163 603
163 613
163 639
163 644
163 726
163 793
163 861
163 966
164 183
164 192
164 194
164 211
164 229
164 248
164 253
164 268
164 291
164 294
164 301
164 314
164 404
164 414
164 433
164 443
164 455
164 457
164 811
164 900
165 198
165 200
165 217
165 241
165 268
165 269
165 280
165 305
165 346
165 394
165 431
165 449
165 704
165 706
165 781
165 800
165 853
165 866
165 881
166 170
166 179
166 195
166 223
166 241
166 252
166 318
166 346
166 392
166 403
166 433
166 439
166 441
166 619
166 638
166 648
166 706
166 734
166 736
166 831
166 859
167 169
167 209
167 223
167 384
167 485
167 614
167 688
167 760
167 795
167 942
167 961
167 976
168 178
168 211
168 318
168 339
168 382
168 425
168 540
168 569
168 634
168 707
168 764
168 904
169 192
169 237
169 290
169 296
169 335
169 350
169 376
169 525
169 530
169 556
169 610
169 613
169 675
169 722
169 773
169 919
169 936
169 942
169 981
170 172
170 176
170 181
170 236
170 238
170 243
170 256
170 284
170 299
170 309
170 329
170 457
170 471
170 594
170 644
170 724
170 732
170 771
170 783
170 811
170 932
171 193
171 194
171 208
171 235
171 279
171 334
171 633
171 689
171 861
171 930
172 187
172 243
172 267
172 299
172 376
172 426
172 482
172 588
172 601
172 805
172 870
173 193
173 335
173 421
173 432
173 437
173 522
173 540
173 548
173 698
173 798
173 900
174 197
174 216
174 223
174 308
174 324
174 370
174 380
175 189
175 233
175 254
175 290
175 315
175 316
175 342
175 369
175 399
175 402
175 443
175 515
175 525
175 645
175 828
175 856
175 964
175 981
175 985
176 198
176 208
176 367
176 475
176 485
176 668
176 759
176 765
176 852
177 185
177 246
177 272
177 454
177 844
177 875
177 915
178 180
178 238
178 249
178 258
178 496
178 584
178 637
178 659
178 701
178 842
179 249
179 282
179 297
179 361
179 498
179 557
179 757
179 822
179 895
179 928
180 221
180 307
180 378
180 396
180 403
180 410
180 422
180 596
180 707
180 718
180 728
180 784
180 806
180 844
180 859
180 877
180 933
180 948
180 984
181 188
181 190
181 191
181 195
181 202
181 217
181 220
181 246
181 334
181 419
181 430
181 509
181 513
181 526
181 556
181 563
181 618
181 671
181 702
181 721
181 752
181 763
181 788
181 823
181 955
182 279
182 306
182 309
182 316
182 323
182 348
182 360
182 364
182 409
182 421
182 452
182 459
182 547
182 551
182 655
182 657
182 726
182 735
182 823
182 904
182 932
182 941
182 966
182 989
183 201
183 213
183 219
183 248
183 261
183 283
183 336
183 342
183 455
183 463
183 464
183 465
183 473
183 475
183 478
183 505
183 522
183 558
183 566
183 628
183 630
183 715
183 787
183 823
183 846
183 887
183 951
183 960
183 968
184 273
184 361
184 371
184 390
184 394
184 593
185 214
185 219
185 333
185 334
185 354
185 361
185 396
185 427
185 482
185 494
185 499
185 750
185 857
185 906
185 908
186 192
186 237
186 280
186 325
186 332
186 480
186 587
186 606
186 672
186 765
186 831
186 903
186 926
186 936
187 253
187 266
187 304
187 372
187 380
187 701
187 779
187 922
188 218
188 281
188 372
188 905
188 965
189 205
189 278
189 326
189 334
189 350
189 363
189 371
189 446
189 669
189 676
189 743
189 748
189 787
189 882
189 962
189 998
190 194
190 272
190 335
190 388
190 686
190 737
190 920
190 946
190 971
191 219
191 222
191 225
191 253
191 263
191 298
191 378
191 388
191 389
191 403
191 415
191 433
191 476
191 492
191 524
191 577
191 657
191 684
191 690
191 758
191 761
191 805
191 870
191 909
191 930
192 215
192 221
192 319
192 331
192 359
192 396
192 423
192 505
192 506
192 513
192 518
192 652
192 710
192 733
192 760
192 825
192 847
193 277
193 406
193 420
193 455
193 462
193 480
193 520
193 567
193 618
193 653
193 729
193 741
193 804
193 892
193 958
194 203
194 241
194 287
194 315
194 496
194 576
194 603
194 702
195 270
195 347
195 356
195 371
195 400
195 413
195 460
195 486
195 487
195 551
195 557
195 767
195 855
195 947
195 954
195 975
196 222
196 281
196 360
196 377
196 456
196 493
196 506
196 633
196 765
196 899
196 940
197 270
197 304
197 352
197 377
197 387
197 595
197 622
197 673
197 796
197 816
197 978
198 341
198 353
198 369
198 380
198 431
198 479
198 794
198 839
198 906
199 232
199 236
199 240
199 329
199 431
199 553
199 608
199 619
199 635
199 664
199 675
199 684
199 761
199 765
199 880
199 930
199 962
199 980
199 982
200 258
200 271
200 321
200 354
200 374
200 464
200 533
200 646
200 684
200 695
200 756
201 239
201 265
201 288
201 341
201 352
201 728
201 756
202 315
202 332
202 385
202 425
202 587
202 595
202 775
202 788
202 849
202 940
203 222
203 276
203 288
203 501
203 529
203 612
203 725
203 769
204 328
204 410
204 537
204 626
204 700
204 726
204 768
204 799
204 820
204 977
205 343
205 362
205 381
205 458
205 580
205 693
205 756
205 957
206 247
206 251
206 307
206 329
206 344
206 379
206 401
206 404
206 447
206 449
206 477
206 479
206 571
206 579
206 585
206 611
206 732
206 792
206 817
206 818
206 839
206 853
206 941
206 985
206 989
207 240
207 293
207 373
207 383
207 465
207 584
207 683
207 695
207 768
208 400
208 411
208 677
208 766
209 266
209 323
209 385
209 559
209 562
209 571
209 627
209 645
209 660
209 665
209 707
209 844
209 857
209 896
209 902
209 987
210 212
210 218
210 264
210 267
210 331
210 468
210 484
210 782
210 866
210 997
210 998
211 298
211 325
211 348
211 443
211 561
211 608
211 697
212 215
212 291
212 309
212 399
212 495
212 595
212 605
212 797
212 818
212 834
212 928
212 980
213 251
213 258
213 303
213 305
213 336
213 427
213 474
213 608
213 636
213 647
213 702
213 887
214 264
214 289
214 320
214 329
214 406
214 414
214 465
214 542
214 627
214 809
214 879
215 245
215 279
215 449
215 548
215 683
215 710
215 923
215 981
216 563
216 779
216 794
217 231
217 324
217 328
217 332
217 374
217 375
217 407
217 432
217 473
217 552
217 614
217 646
217 811
217 882
217 905
218 234
218 254
218 297
218 308
218 317
218 341
218 347
218 356
218 357
218 414
218 417
218 420
218 435
218 450
218 459
218 463
218 466
218 512
218 539
218 677
218 689
218 751
218 950
219 265
219 266
219 309
219 386
219 419
219 445
219 460
219 704
219 797
220 250
220 264
220 380
220 485
220 641
220 830
220 883
220 980
221 391
221 442
221 503
221 511
221 565
221 583
221 705
221 754
221 850
221 898
222 260
222 311
222 383
222 456
222 550
222 690
222 729
222 749
222 758
222 796
222 839
223 274
223 316
223 363
223 486
223 490
223 674
224 254
224 408
224 428
224 543
224 804
224 954
224 990
225 255
225 259
225 261
225 272
225 323
225 334
225 355
225 421
225 431
225 466
225 545
225 556
225 617
225 636
225 764
225 810
225 854
226 228
226 236
226 284
226 313
226 314
226 332
226 411
226 415
226 439
226 453
226 468
226 544
226 559
226 583
226 605
226 670
226 782
227 252
227 278
227 280
227 442
227 448
227 477
227 536
227 549
227 780
227 788
227 952
227 974
228 321
228 385
228 447
228 489
228 491
228 529
228 532
228 542
228 549
228 649
228 685
228 762
228 859
228 946
229 244
229 453
229 586
229 639
229 713
229 780
229 986
230 235
230 390
230 412
230 451
230 480
230 685
230 712
230 770
230 954
231 236
231 266
231 268
231 283
231 285
231 322
231 336
231 454
231 608
231 725
231 735
231 756
231 775
231 785
231 927
231 976
232 234
232 515
232 539
233 243
233 245
233 278
233 287
233 292
233 296
233 344
233 370
233 396
233 451
233 490
233 640
233 763
233 949
233 969
234 251
234 281
234 298
234 432
234 462
234 573
234 740
234 820
234 834
234 848
234 874
234 935
235 393
235 395
235 427
235 516
235 563
235 594
235 661
235 698
235 748
235 844
235 865
236 281
236 290
236 303
236 336
236 342
236 363
236 507
236 518
236 601
236 604
236 658
236 684
236 737
236 794
236 906
236 911
236 984
236 986
237 258
237 317
237 386
237 452
237 470
237 536
237 547
237 623
237 846
237 866
237 889
237 896
237 908
237 930
237 937
238 249
238 288
238 404
238 426
238 529
238 559
238 594
238 603
238 608
238 621
238 812
238 865
238 933
238 999
239 264
239 284
239 302
239 311
239 362
239 408
239 504
239 569
239 615
239 897
239 898
240 378
240 591
240 642
240 673
240 704
240 719
240 744
240 798
240 902
241 273
241 413
241 631
241 657
241 760
241 828
241 893
241 997
242 274
242 289
242 386
242 474
242 553
242 866
243 260
243 318
243 326
243 490
243 590
243 598
243 601
243 631
243 833
244 384
244 399
244 538
244 581
244 584
244 617
244 629
244 633
244 711
244 777
244 970
244 999
245 255
245 353
245 388
245 428
245 499
245 661
245 681
245 780
245 791
245 864
246 259
246 330
246 367
246 370
246 417
246 418
246 583
246 629
246 632
246 810
246 948
247 276
247 311
247 368
247 418
247 522
247 524
247 558
247 573
247 745
247 751
247 839
247 940
247 964
248 252
248 287
248 297
248 313
248 365
248 373
248 412
248 458
248 559
248 605
248 638
248 722
248 798
248 841
248 858
248 865
248 915
249 256
249 382
249 418
249 422
249 487
249 569
249 639
249 910
249 926
250 304
250 383
250 521
250 553
250 594
250 719
250 801
250 810
250 818
250 996
251 568
251 578
251 763
251 902
252 302
252 317
252 338
252 378
252 415
252 452
252 506
252 575
252 577
252 685
252 686
252 899
252 960
253 452
253 587
253 613
253 630
253 648
253 655
253 731
253 771
253 795
253 802
253 803
253 830
253 949
254 263
254 276
254 300
254 301
254 393
254 474
254 482
254 484
254 528
254 646
254 724
254 733
254 741
254 855
255 427
255 530
255 596
255 644
255 834
255 901
255 940
256 396
256 511
256 801
256 909
256 944
257 280
257 399
257 453
257 507
257 532
257 535
257 578
257 580
257 652
257 745
257 775
257 904
258 267
258 350
258 381
258 472
258 582
258 669
258 685
258 692
258 694
258 699
258 701
258 721
258 752
258 867
258 911
258 922
259 416
259 435
259 455
259 486
259 492
259 520
259 526
259 555
259 562
260 288
260 317
260 411
260 492
260 535
260 558
260 932
261 358
261 360
261 380
261 400
261 414
261 441
261 473
261 476
261 519
261 536
261 628
261 650
261 696
261 773
261 838
261 939
262 337
262 421
262 442
262 464
262 488
262 521
262 616
262 630
262 728
262 757
262 772
262 788
262 878
263 306
263 356
263 631
263 717
264 313
264 358
264 365
264 376
264 504
264 613
264 722
264 764
264 801
265 342
265 364
265 496
265 502
265 512
265 517
265 542
265 568
265 697
265 698
265 703
265 767
265 825
265 828
265 829
265 929
265 958
265 972
266 303
266 425
266 435
266 508
266 610
266 637
266 774
266 991
267 346
267 359
267 417
267 446
267 477
267 574
267 588
267 677
267 706
267 709
267 744
267 754
267 833
267 847
267 926
268 384
268 422
268 441
268 504
268 549
268 777
268 794
269 296
269 309
269 344
269 561
269 584
269 595
269 604
269 612
269 682
269 841
269 955
270 276
270 451
270 582
270 719
270 805
270 808
270 825
270 853
271 326
271 462
271 477
271 682
271 796
271 948
271 994
272 356
272 366
272 368
272 455
272 564
272 696
272 903
272 914
272 927
272 994
273 356
273 387
273 482
273 485
273 500
273 511
273 521
273 526
273 527
273 625
273 676
273 745
273 843
273 897
273 970
274 300
274 306
274 364
274 409
274 473
274 476
274 607
274 725
274 772
274 938
274 982
275 308
275 397
275 499
275 518
275 529
275 532
275 545
276 475
276 602
276 624
276 972
277 506
277 516
277 525
277 702
277 712
277 735
277 769
277 817
277 836
277 914
277 935
277 958
278 312
278 505
278 572
278 674
278 743
278 837
279 289
279 300
279 301
279 474
279 593
279 610
279 923
280 373
280 478
280 854
280 936
281 290
281 372
281 396
281 399
281 549
281 560
281 595
281 766
281 834
281 991
282 384
282 485
282 529
282 611
282 672
282 867
282 997
283 320
283 340
283 502
283 535
283 589
283 646
283 664
283 668
283 693
283 752
283 959
284 399
284 587
284 654
284 737
284 807
284 840
284 858
285 343
285 471
285 716
285 733
285 814
285 968
286 366
286 379
286 411
286 575
286 622
286 663
286 902
287 300
287 310
287 485
287 497
287 773
287 784
287 813
287 832
287 856
287 982
288 313
288 388
288 433
288 435
288 555
288 650
288 685
288 723
288 782
288 820
288 828
288 845
288 864
289 359
289 499
289 528
289 579
289 588
289 617
289 635
289 834
289 876
289 886
290 559
290 562
290 676
290 690
291 419
291 627
291 693
291 721
291 821
292 319
292 327
292 358
292 370
292 502
292 538
292 821
293 318
293 322
293 376
293 406
293 687
293 778
293 829
293 949
294 379
294 424
294 454
294 615
294 700
294 749
294 758
295 456
295 457
295 527
295 687
295 743
295 856
296 546
296 767
296 776
296 826
297 322
297 340
297 349
297 365
298 386
298 477
298 743
298 897
299 349
299 533
299 633
299 761
299 835
300 310
300 398
300 414
300 597
300 837
300 839
300 900
301 383
301 483
301 514
301 546
301 555
301 958
302 303
302 457
302 491
302 494
302 556
302 624
302 783
302 874
303 670
303 829
303 853
304 354
304 446
304 476
304 502
304 572
304 603
304 607
304 811
304 932
304 983
305 331
305 519
305 721
305 734
305 738
305 759
305 896
305 936
306 447
306 929
307 327
307 336
307 366
307 430
307 431
307 463
307 475
307 498
307 567
307 597
307 675
307 814
307 897
307 914
307 920
308 451
308 619
308 667
308 866
308 982
309 322
309 324
309 372
309 374
309 375
309 467
309 522
309 523
309 533
309 578
309 614
309 748
309 775
309 901
309 963
309 976
310 430
311 317
311 330
311 460
311 513
311 515
311 533
311 554
311 640
311 686
311 758
311 817
311 875
312 325
312 413
312 650
312 681
312 699
312 725
312 757
312 830
312 895
313 317
313 345
313 395
313 487
313 539
313 567
313 582
313 611
313 629
313 678
313 680
313 746
313 913
314 359
314 365
314 510
314 521
314 570
314 653
314 810
314 885
315 354
315 392
315 521
315 592
315 619
315 631
315 648
315 750
315 767
315 785
315 839
316 335
316 401
316 409
316 499
316 665
317 348
317 350
317 370
317 448
317 471
317 564
317 592
317 675
317 712
317 738
317 791
317 829
317 879
317 915
317 969
318 322
318 324
318 327
318 351
318 379
318 410
318 438
318 541
318 613
318 663
318 684
318 703
318 710
318 766
319 459
319 526
319 728
319 784
320 401
320 616
320 656
320 669
320 752
320 829
321 371
321 383
321 396
321 725
321 728
321 732
321 873
321 886
321 900
322 391
322 431
322 560
322 591
322 674
322 722
322 727
322 747
322 778
322 889
322 972
322 975
323 414
324 434
324 435
324 440
324 507
324 522
324 548
324 577
324 592
324 604
324 644
324 658
325 403
325 499
325 546
325 995
326 457
326 588
326 655
326 745
326 753
326 767
326 905
326 917
327 420
327 421
327 432
327 437
327 461
327 494
327 860
327 906
328 405
328 474
328 481
328 512
328 704
328 751
328 786
328 794
328 910
328 945
329 734
329 788
329 813
329 845
330 374
330 406
330 457
330 498
330 620
330 664
330 739
330 827
330 880
330 981
331 427
331 488
331 631
331 648
331 871
332 500
332 736
332 868
332 954
333 341
333 369
333 486
333 625
333 849
333 862
333 915
333 918
334 361
334 392
334 429
334 713
334 734
334 976
335 348
335 359
335 375
335 461
335 499
335 500
335 601
335 730
335 740
335 793
335 987
336 358
336 361
336 484
336 620
336 630
336 644
336 666
336 675
337 363
337 370
337 372
337 395
337 396
337 919
337 946
339 488
339 560
339 678
339 738
339 784
339 786
339 858
339 902
339 926
340 411
340 412
340 796
340 927
340 952
341 507
341 579
341 794
342 372
342 400
342 510
342 536
342 674
342 683
342 998
343 353
343 375
343 381
343 429
343 584
343 720
343 884
343 965
344 353
344 366
344 375
344 378
344 621
344 679
344 680
344 727
344 736
344 752
344 813
344 847
344 890
344 901
345 393
345 418
345 490
345 492
345 600
345 720
345 723
345 873
345 885
345 933
345 943
345 988
346 364
346 373
346 386
346 397
346 546
346 956
347 352
347 472
347 511
347 528
347 542
347 570
347 673
347 710
347 986
348 371
348 460
348 604
348 759
348 836
348 910
349 362
349 368
349 584
349 694
349 921
350 429
350 706
350 763
350 785
351 357
351 423
351 534
351 650
351 662
351 734
351 812
351 838
352 364
352 403
352 458
352 543
352 576
352 955
352 957
352 958
353 444
353 485
353 689
354 597
354 755
354 764
355 363
355 392
355 443
355 448
355 451
355 741
355 800
355 813
355 884
355 990
356 414
356 445
356 558
356 764
356 895
356 913
357 427
357 641
357 750
357 820
357 881
358 360
358 397
358 531
358 655
358 966
358 979
359 403
359 424
359 446
359 450
359 481
359 514
359 531
359 583
359 807
359 925
359 929
360 423
360 553
360 555
360 556
360 639
360 775
360 907
360 912
361 666
361 716
361 948
362 382
362 407
362 426
362 668
362 911
363 493
363 540
363 545
363 556
363 574
363 579
363 634
363 839
363 855
363 876
363 877
363 941
363 995
364 365
364 468
364 476
364 628
364 674
364 726
364 843
364 892
365 445
365 486
365 530
365 736
365 926
365 992
366 407
366 540
366 572
366 899
367 496
367 716
368 503
368 544
368 779
368 820
368 889
368 940
369 597
369 632
369 641
369 876
369 939
370 477
370 713
370 735
370 819
371 432
371 493
371 501
371 662
371 663
372 376
372 386
372 416
372 538
372 590
372 636
372 870
372 894
372 940
373 400
373 445
373 499
373 594
373 596
373 622
373 641
373 657
373 667
373 723
373 750
373 812
373 894
374 429
374 451
374 481
374 664
374 799
374 831
374 846
375 428
375 440
375 454
375 564
375 567
375 599
375 788
375 824
375 946
376 405
376 484
376 656
376 688
376 789
376 846
376 847
376 869
376 918
376 931
377 480
377 647
377 785
377 793
377 864
377 919
377 970
378 398
378 410
378 469
378 644
378 659
379 431
379 607
379 666
379 714
379 838
379 954
380 566
380 632
380 990
381 409
381 523
381 563
381 570
381 592
381 606
381 626
381 628
381 704
381 863
381 874
381 950
381 973
382 442
382 495
382 497
382 500
382 517
382 537
382 744
382 972
384 434
384 471
384 501
384 523
384 538
384 640
384 713
384 892
384 999
385 552
385 705
385 767
385 782
385 971
386 389
386 411
386 492
386 610
386 628
386 699
386 742
386 830
386 845
386 900
386 923
386 929
386 967
387 487
387 550
387 593
387 718
388 453
388 467
388 771
389 943
389 948
389 972
390 418
390 472
390 531
390 597
390 623
390 645
390 648
390 655
390 686
390 715
390 740
390 877
390 898
391 407
391 517
391 597
391 658
391 692
391 877
391 923
391 959
392 427
392 505
392 523
392 548
392 671
392 926
393 456
393 513
393 701
393 890
394 459
394 615
394 777
394 949
395 563
395 625
395 636
395 707
395 772
395 806
395 931
395 942
395 976
396 417
396 701
396 739
396 889
397 532
397 584
397 613
397 697
397 717
397 921
397 923
397 984
398 512
398 539
398 573
398 575
398 582
398 624
398 730
398 886
398 919
398 960
399 400
399 420
399 444
399 667
399 811
399 832
399 842
399 967
400 536
400 553
400 716
400 741
400 746
400 819
400 910
400 963
401 416
401 514
401 803
401 900
403 515
403 724
403 725
403 880
403 966
403 997
404 442
404 524
404 627
404 645
404 750
404 762
404 809
404 962
405 420
405 465
405 651
405 731
405 737
405 784
405 816
405 832
405 873
405 877
406 462
406 542
406 582
406 874
406 891
406 897
407 452
407 744
407 773
408 430
408 640
408 648
408 675
408 705
408 779
408 918
408 957
409 423
409 448
409 461
409 491
409 707
409 761
409 769
410 440
410 450
410 454
410 532
410 551
410 574
410 627
410 648
410 649
410 730
410 801
410 825
410 910
411 480
411 658
411 660
411 832
411 852
411 874
411 950
411 982
412 638
412 825
412 852
413 543
413 828
413 983
414 497
414 517
414 522
414 584
414 640
414 780
414 816
414 856
416 478
416 489
416 554
416 600
416 635
416 659
416 703
416 716
416 756
416 850
416 916
417 609
417 634
417 799
417 938
418 451
418 503
418 701
418 833
418 946
418 988
419 422
419 478
419 497
419 509
419 545
419 615
419 929
419 939
420 519
420 548
420 748
420 807
420 917
420 952
420 995
422 441
422 481
422 590
422 598
422 829
423 597
423 708
423 814
423 836
423 851
423 898
423 993
424 444
424 601
424 800
424 857
424 903
424 969
425 484
425 526
425 759
425 808
426 435
426 711
426 877
426 891
427 536
427 641
427 702
427 744
427 801
427 944
428 458
428 520
428 571
428 593
428 626
428 656
428 688
428 691
428 777
428 822
429 532
429 743
429 786
429 896
429 967
430 446
430 539
430 548
430 681
431 742
431 865
432 642
432 650
432 681
432 754
432 776
432 801
432 894
432 895
432 932
433 472
433 510
433 614
433 768
433 911
433 950
434 541
434 612
434 638
434 696
434 846
434 909
434 989
434 993
435 437
435 519
435 692
435 724
436 466
436 694
436 705
436 726
436 809
437 676
437 679
438 643
438 732
438 865
438 901
439 574
439 826
439 942
440 488
440 498
440 528
440 622
440 661
440 917
441 444
441 455
441 536
441 612
442 557
442 900
442 956
442 971
442 982
443 489
443 523
443 696
443 759
443 841
444 940
445 512
445 556
445 714
445 765
445 833
446 551
446 679
446 870
446 989
447 599
448 451
448 456
448 562
448 643
448 666
448 675
448 782
448 785
448 812
448 842
448 862
448 936
448 993
449 493
449 563
449 666
449 732
449 792
449 841
449 875
449 929
449 998
450 469
450 553
450 769
450 895
450 900
450 927
451 502
451 698
451 843
452 512
452 675
452 684
452 747
452 843
452 870
453 499
453 528
453 542
453 559
453 647
453 664
453 929
454 587
454 626
454 702
454 755
454 853
455 459
455 542
455 590
455 603
455 626
455 787
455 862
455 970
456 604
456 862
456 885
456 892
456 976
457 494
457 783
457 854
457 993
458 470
458 604
458 796
458 907
458 917
459 498
459 817
459 921
460 903
461 576
461 688
462 535
462 920
462 991
463 473
463 754
463 903
464 500
464 584
464 745
464 780
465 631
465 641
465 725
465 803
465 871
465 920
465 983
466 544
467 689
467 756
467 781
467 824
468 495
468 589
469 492
469 592
469 602
469 688
469 790
469 875
469 876
469 959
470 489
470 554
470 600
470 637
470 666
470 834
470 840
470 893
470 908
470 925
470 931
470 937
471 501
471 555
471 571
471 638
471 644
471 677
471 761
471 882
471 947
472 489
472 863
472 906
472 956
473 564
473 743
473 931
473 980
474 790
474 896
475 594
475 598
475 719
475 798
476 477
476 576
476 602
476 606
476 648
476 658
476 719
476 884
477 537
477 561
477 952
478 493
478 766
478 837
478 930
478 995
479 567
479 628
479 904
479 989
480 554
480 705
480 941
481 488
481 806
481 959
481 974
482 603
483 527
483 857
483 992
484 495
484 550
484 576
484 622
484 701
484 888
485 507
485 508
486 569
486 667
486 774
486 846
487 549
487 778
487 790
487 891
487 957
488 536
488 600
488 974
489 521
489 911
490 522
490 577
490 638
490 729
490 863
490 989
491 609
491 692
491 716
491 786
491 959
492 592
492 700
492 867
492 955
492 996
493 669
493 960
493 972
494 510
494 585
494 659
494 930
496 558
496 586
496 603
496 851
496 899
496 986
497 520
497 644
498 508
498 726
500 679
500 847
501 654
501 842
501 860
501 862
501 873
501 924
501 961
502 720
502 732
502 914
502 938
502 967
503 645
503 869
503 964
504 675
504 688
505 562
505 635
505 740
505 801
505 803
505 907
505 973
506 679
506 741
506 868
507 858
507 898
508 687
508 737
508 838
508 981
508 985
509 821
509 901
509 957
510 859
511 549
511 765
511 883
511 978
512 565
512 619
512 838
513 578
513 907
513 913
513 931
514 692
514 722
514 805
514 928
514 943
514 960
515 629
515 794
516 525
516 572
516 614
516 775
517 527
517 616
517 617
517 768
517 790
517 831
518 727
518 793
518 965
519 525
519 692
519 916
520 566
520 786
520 893
521 802
522 637
522 666
522 683
522 878
522 913
523 557
523 914
524 596
525 526
525 528
525 543
525 563
525 736
526 621
526 682
526 690
527 612
527 642
527 738
527 816
527 910
528 591
528 643
528 728
528 847
528 925
529 678
529 813
530 918
530 959
531 540
531 607
531 770
531 789
531 968
532 574
532 599
532 618
532 627
532 694
532 696
532 712
532 733
532 840
532 961
533 665
533 859
533 927
534 539
534 650
534 698
534 754
535 791
535 970
536 565
536 646
536 666
536 696
537 599
537 600
537 739
537 753
537 773
537 852
537 881
537 899
538 719
538 724
538 730
538 740
538 750
538 788
538 966
539 578
539 622
539 746
539 772
539 774
539 874
539 904
540 568
540 616
540 649
540 848
541 649
541 680
541 864
541 936
542 772
543 556
543 565
543 588
543 632
543 638
543 650
543 750
543 753
543 778
543 796
543 851
543 979
544 552
544 557
544 634
544 658
544 755
544 798
544 812
544 844
545 768
546 610
546 617
546 659
546 679
546 706
546 818
546 829
546 979
546 994
546 996
547 830
547 851
547 938
547 951
548 711
548 800
548 867
548 872
548 888
549 632
549 659
549 769
549 821
550 960
551 711
551 714
553 570
553 857
553 864
553 973
554 766
554 976
555 567
555 580
555 609
555 693
555 728
555 747
555 798
556 742
556 757
556 763
556 832
556 848
556 878
557 577
557 587
557 683
557 815
557 863
557 997
558 580
558 582
558 636
558 646
558 711
558 774
558 784
558 840
558 860
558 935
559 662
559 793
560 607
560 633
561 657
561 858
561 935
562 573
562 609
562 815
562 817
562 987
563 773
563 816
563 826
564 701
565 827
565 881
566 622
566 749
566 824
566 987
567 669
567 856
567 898
568 602
568 746
568 862
568 880
568 902
568 987
569 723
569 748
569 753
569 849
569 863
570 677
570 757
570 921
571 647
571 721
571 762
571 775
572 582
572 620
572 630
572 824
572 846
572 901
574 749
574 755
574 872
575 611
575 660
575 700
575 782
575 819
575 840
575 897
575 974
576 626
576 639
576 660
576 668
576 713
576 757
576 886
577 809
577 830
577 878
578 581
578 640
579 783
579 808
580 757
580 968
581 663
581 944
582 728
582 947
584 714
584 824
585 614
585 657
585 691
585 719
585 834
586 665
586 977
587 640
587 660
587 879
587 931
587 943
588 692
588 710
588 802
589 728
590 726
590 905
591 773
592 598
592 646
592 967
593 800
593 909
594 740
594 795
594 934
595 817
595 822
595 845
595 846
595 869
595 872
596 929
597 633
597 689
598 957
599 682
599 700
599 777
599 792
599 924
600 619
600 703
600 888
600 931
601 643
601 667
601 712
601 962
601 998
602 606
602 737
602 952
602 979
603 639
603 649
603 770
604 635
605 686
605 759
605 843
606 634
606 646
606 721
606 779
606 789
606 806
606 887
606 893
607 659
607 690
607 870
607 883
607 904
608 693
608 810
609 832
609 909
609 953
610 672
610 818
611 636
611 690
611 752
611 818
611 821
611 869
614 672
614 749
614 770
614 894
614 973
615 921
615 949
616 766
617 707
617 829
618 762
619 816
619 992
620 654
621 818
621 840
621 866
622 664
622 673
622 831
623 971
624 680
624 745
624 783
624 980
625 713
626 663
626 677
626 681
626 781
626 944
627 982
628 637
628 647
628 703
628 778
628 838
629 631
629 678
629 718
629 722
629 880
629 883
629 917
630 683
630 770
630 817
630 902
631 745
631 755
631 863
632 680
632 695
632 871
632 942
632 969
633 664
633 686
633 723
633 879
633 978
634 810
635 941
636 831
636 868
637 681
637 691
637 808
637 971
638 783
639 673
639 763
641 697
642 850
642 906
642 919
642 924
643 658
643 664
643 760
644 736
645 679
646 736
646 835
646 941
647 894
648 969
649 872
651 764
652 888
653 700
653 715
653 733
653 756
653 775
653 878
654 688
655 807
655 849
656 658
656 690
656 934
657 695
657 772
657 777
657 986
658 737
658 938
659 854
660 768
660 840
660 955
661 685
661 703
661 795
661 905
662 703
662 915
663 689
663 798
663 942
663 999
664 974
665 687
665 754
666 669
666 838
666 899
666 987
667 686
667 731
667 983
668 994
669 730
669 888
669 937
669 985
671 799
671 824
671 894
671 968
673 978
674 706
674 796
674 809
674 827
674 831
674 888
675 886
676 855
677 717
677 765
677 919
677 943
677 963
677 971
678 907
679 821
679 833
679 848
679 950
680 730
681 768
681 864
683 866
683 880
683 938
683 952
684 766
684 776
685 843
685 939
686 887
687 790
689 787
690 827
690 865
691 699
692 693
692 705
692 727
692 749
694 708
695 720
695 936
696 723
696 752
696 814
696 872
696 928
697 733
697 822
697 945
698 760
698 795
698 802
698 842
698 944
699 740
699 803
699 848
699 858
699 971
701 939
701 949
702 770
703 717
703 829
704 785
704 979
705 739
707 709
707 868
707 913
707 944
708 745
708 835
708 881
708 970
709 889
709 951
710 794
711 774
711 897
712 733
712 777
713 867
713 966
714 732
714 914
716 825
716 830
716 894
718 789
718 874
719 793
719 811
719 891
719 985
720 884
720 891
720 934
720 943
721 964
722 921
723 725
723 948
724 733
725 951
726 916
728 830
728 933
728 975
729 754
730 753
730 826
731 758
731 845
732 769
732 787
732 852
733 756
733 852
734 797
734 852
734 887
734 951
738 918
739 804
740 770
740 927
740 963
740 991
741 802
741 873
741 889
741 933
742 803
742 938
744 819
744 838
745 854
745 880
745 962
746 987
747 907
747 938
748 755
748 952
749 934
750 777
752 884
753 882
753 912
754 820
754 859
756 946
757 912
757 988
758 834
758 970
759 881
760 889
761 898
761 913
761 953
762 799
762 833
762 936
764 812
765 803
766 808
766 983
766 988
767 934
767 950
768 836
768 880
768 916
768 962
769 837
769 869
769 872
770 835
770 950
771 772
771 775
771 809
771 991
773 987
774 790
774 858
775 876
776 924
776 994
777 784
777 876
779 814
782 803
782 849
782 981
782 997
785 860
785 917
785 924
788 805
788 872
789 805
789 968
791 907
792 986
799 845
799 885
800 865
801 975
802 941
803 821
803 826
803 898
804 875
806 890
807 933
808 835
808 886
808 980
808 991
809 826
812 833
812 891
812 945
812 984
814 831
814 837
816 838
816 977
817 867
818 945
819 865
819 868
821 848
823 915
823 926
823 984
823 994
824 978
827 924
828 870
830 848
830 924
833 914
834 912
835 977
838 906
838 918
839 927
840 888
840 987
842 847
844 953
845 953
846 890
846 977
846 985
847 895
848 908
848 954
849 864
849 908
850 926
852 883
852 956
854 923
855 865
855 961
856 881
859 965
861 924
861 972
864 989
865 935
866 882
866 885
866 946
866 955
866 965
866 975
867 948
868 888
873 903
875 977
876 906
876 976
877 952
878 899
878 916
880 931
884 891
884 948
885 920
885 991
886 991
887 974
890 902
890 911
891 919
894 996
896 911
898 911
898 935
899 915
900 958
902 928
902 960
904 928
912 916
915 953
915 959
915 963
916 919
917 975
919 978
922 985
923 998
927 950
928 999
932 992
942 981
950 986
965 981
