0 1
0 2
0 3
0 4
0 5
0 6
0 7
0 8
0 9
0 10
0 11
0 12
0 13
0 14
0 15
0 16
0 17
0 18
0 20
0 22
0 23
0 24
0 26
0 29
0 30
0 31
0 32
0 33
0 36
0 38
0 42
0 44
0 45
0 50
0 54
0 61
0 64
0 67
0 74
0 77
0 78
0 89
0 95
0 99
0 104
0 106
0 110
0 112
0 116
0 117
0 125
0 129
0 131
0 134
0 140
0 145
0 150
0 151
0 154
0 157
0 163
0 166
0 173
0 184
0 188
0 190
0 196
0 198
0 200
0 201
0 222
0 228
0 232
0 233
0 243
0 253
0 259
0 261
0 276
0 282
0 292
0 302
0 306
0 307
0 309
0 311
0 314
0 317
0 321
0 332
0 341
0 349
0 360
0 376
0 395
0 396
0 397
0 405
0 408
0 417
0 418
0 423
0 424
0 428
0 439
0 447
0 452
0 462
0 463
0 470
0 496
0 499
1 8
1 20
1 21
1 22
1 30
1 50
1 166
1 296
1 368
1 443
1 491
2 6
2 7
2 8
2 9
2 11
2 12
2 17
2 19
2 21
2 34
2 38
2 39
2 42
2 53
2 56
2 59
2 61
2 62
2 63
2 65
2 70
2 72
2 83
2 84
2 86
2 92
2 93
2 109
2 111
2 116
2 122
2 125
2 135
2 141
2 154
2 177
2 182
2 189
2 199
2 202
2 210
2 211
2 214
2 223
2 230
2 237
2 238
2 241
2 251
2 281
2 286
2 289
2 293
2 300
2 301
2 326
2 336
2 339
2 344
2 350
2 362
2 369
2 377
2 381
2 385
2 396
2 414
2 428
2 449
2 477
3 6
3 7
3 9
3 10
3 21
3 38
3 50
3 51
3 62
3 67
3 86
3 103
3 125
3 212
3 384
4 6
4 7
4 10
4 21
4 32
4 37
4 84
4 95
4 106
4 117
4 126
4 168
4 186
4 204
4 238
4 323
4 324
4 374
4 400
4 424
4 453
4 463
4 476
5 6
5 7
5 15
5 36
5 63
5 106
5 128
5 142
5 144
5 146
5 176
5 200
5 226
5 251
5 331
5 387
6 8
6 9
6 11
6 12
6 14
6 20
6 21
6 23
6 24
6 27
6 45
6 49
6 52
6 57
6 60
6 70
6 83
6 95
6 114
6 115
6 129
6 132
6 164
6 198
6 208
6 217
6 251
6 253
6 268
6 281
6 283
6 312
6 315
6 328
6 360
6 378
6 465
7 8
7 10
7 12
7 13
7 17
7 18
7 19
7 33
7 39
7 41
7 64
7 65
7 66
7 70
7 92
7 97
7 101
7 112
7 140
7 163
7 183
7 191
7 194
7 225
7 244
7 250
7 257
7 268
7 283
7 302
7 319
7 351
7 373
7 377
7 437
7 450
7 452
7 456
7 477
7 481
8 9
8 10
8 11
8 13
8 14
8 16
8 18
8 23
8 25
8 27
8 28
8 32
8 36
8 43
8 45
8 46
8 47
8 48
8 52
8 55
8 56
8 57
8 61
8 65
8 70
8 71
8 75
8 77
8 78
8 79
8 85
8 93
8 94
8 122
8 124
8 136
8 137
8 146
8 148
8 152
8 160
8 179
8 180
8 181
8 183
8 192
8 207
8 220
8 245
8 254
8 261
8 270
8 309
8 334
8 342
8 345
8 358
8 384
8 388
8 398
8 422
8 423
8 440
8 447
8 468
8 472
8 488
8 497
9 15
9 16
9 17
9 27
9 33
9 34
9 38
9 59
9 78
9 90
9 99
9 108
9 110
9 112
9 127
9 130
9 182
9 191
9 214
9 226
9 242
9 280
9 288
9 324
9 327
9 333
9 341
9 362
9 406
9 408
10 11
10 12
10 13
10 16
10 24
10 25
10 26
10 29
10 36
10 47
10 49
10 53
10 58
10 64
10 67
10 74
10 83
10 85
10 86
10 88
10 97
10 107
10 108
10 113
10 114
10 115
10 118
10 126
10 128
10 129
10 132
10 133
10 149
10 151
10 161
10 166
10 177
10 205
10 208
10 214
10 219
10 223
10 227
10 230
10 237
10 249
10 260
10 277
10 294
10 357
10 358
10 368
10 395
10 421
10 449
10 483
11 14
11 16
11 18
11 23
11 24
11 26
11 30
11 33
11 35
11 42
11 49
11 54
11 66
11 82
11 96
11 100
11 102
11 115
11 126
11 127
11 130
11 131
11 132
11 139
11 162
11 167
11 169
11 179
11 188
11 200
11 204
11 205
11 241
11 304
11 329
11 342
11 367
11 426
11 474
12 13
12 15
12 19
12 24
12 27
12 28
12 51
12 53
12 68
12 71
12 76
12 82
12 90
12 98
12 107
12 118
12 147
12 162
12 163
12 172
12 189
12 197
12 224
12 231
12 250
12 291
12 299
12 303
12 314
12 364
12 375
12 401
12 415
12 417
12 420
12 426
12 469
12 471
12 474
12 491
13 14
13 28
13 35
13 44
13 45
13 46
13 52
13 56
13 57
13 77
13 84
13 94
13 111
13 118
13 132
13 140
13 146
13 171
13 178
13 208
13 220
13 240
13 255
13 274
13 320
13 338
13 341
13 354
13 356
13 402
13 447
13 487
13 495
14 15
14 20
14 31
14 32
14 41
14 43
14 71
14 74
14 76
14 97
14 110
14 112
14 146
14 150
14 159
14 161
14 174
14 179
14 189
14 193
14 202
14 209
14 231
14 267
14 285
14 302
14 315
14 336
14 403
14 419
14 476
14 489
15 19
15 20
15 27
15 31
15 38
15 44
15 46
15 47
15 79
15 101
15 103
15 166
15 199
15 213
15 248
15 257
15 269
15 274
15 297
15 325
15 327
15 344
15 345
15 364
15 385
15 409
15 448
15 475
15 496
16 17
16 22
16 32
16 39
16 44
16 48
16 54
16 57
16 58
16 66
16 67
16 87
16 94
16 109
16 116
16 133
16 178
16 189
16 207
16 213
16 229
16 272
16 273
16 275
16 276
16 333
16 359
16 369
16 371
16 403
16 408
16 417
16 431
16 440
16 466
16 484
16 488
17 18
17 23
17 26
17 28
17 30
17 31
17 34
17 37
17 39
17 41
17 51
17 54
17 58
17 66
17 72
17 75
17 82
17 83
17 85
17 89
17 90
17 91
17 99
17 101
17 102
17 103
17 109
17 120
17 143
17 144
17 159
17 162
17 164
17 165
17 173
17 185
17 203
17 207
17 211
17 217
17 246
17 267
17 273
17 276
17 281
17 320
17 347
17 366
17 383
17 386
17 394
17 439
17 459
17 467
17 474
17 495
18 19
18 22
18 28
18 29
18 40
18 43
18 55
18 60
18 68
18 73
18 80
18 83
18 91
18 96
18 113
18 154
18 164
18 175
18 193
18 223
18 255
18 263
18 269
18 277
18 280
18 284
18 288
18 312
18 313
18 317
18 344
18 366
18 377
18 382
18 401
18 425
18 438
18 451
18 454
18 458
18 466
18 471
19 22
19 25
19 46
19 62
19 157
19 171
19 172
19 215
19 216
19 221
19 247
19 276
19 287
19 303
19 430
19 454
20 26
20 29
20 31
20 40
20 43
20 55
20 69
20 91
20 101
20 117
20 118
20 122
20 135
20 138
20 233
20 349
20 419
20 480
21 25
21 73
22 25
22 58
22 89
22 158
22 172
22 226
22 237
22 353
23 34
23 35
23 85
23 90
23 132
23 145
23 168
23 235
23 401
23 426
24 57
24 102
24 157
24 259
24 322
25 29
25 41
25 80
25 149
25 175
25 239
25 378
25 410
25 441
25 450
25 461
26 34
26 42
26 43
26 47
26 53
26 73
26 82
26 89
26 92
26 118
26 154
26 178
26 180
26 214
26 243
26 246
26 311
26 314
26 322
26 391
26 399
26 426
26 434
26 459
26 469
27 33
27 72
27 76
27 102
27 130
27 159
27 225
27 241
27 292
27 374
27 382
27 384
27 461
28 30
28 36
28 37
28 45
28 88
28 111
28 124
28 137
28 155
28 157
28 175
28 181
28 187
28 200
28 238
28 244
28 266
28 304
28 308
28 355
28 358
28 392
28 446
29 37
29 50
29 96
29 100
29 155
29 210
29 212
29 235
29 240
29 332
29 363
29 432
29 443
29 456
30 39
30 42
30 52
30 55
30 79
30 87
30 105
30 134
30 163
30 209
30 242
30 352
30 399
30 423
31 37
31 40
31 79
31 81
31 105
31 147
31 218
31 294
31 311
31 360
31 363
31 366
32 35
32 40
32 50
32 55
32 74
32 106
32 167
32 169
32 182
32 253
32 263
32 295
32 305
32 320
32 451
33 35
33 41
33 46
33 49
33 65
33 69
33 70
33 81
33 111
33 113
33 180
33 197
33 198
33 210
33 248
33 252
33 271
33 290
33 331
33 373
33 390
33 407
33 421
33 430
33 432
33 436
33 462
33 487
34 40
34 68
34 105
34 131
34 160
34 191
34 192
34 264
34 270
34 281
34 284
34 300
34 383
34 391
34 445
35 60
35 72
35 86
35 178
35 183
35 186
35 232
35 339
35 381
35 454
36 51
36 59
36 74
36 81
36 107
36 135
36 136
36 141
36 145
36 195
36 199
36 294
36 325
36 327
36 340
36 343
36 347
37 47
37 75
37 77
37 87
37 89
37 97
37 129
37 206
37 258
37 266
37 323
37 353
37 387
37 405
37 428
37 459
37 482
38 44
38 48
38 54
38 56
38 61
38 64
38 80
38 97
38 143
38 170
38 194
38 215
38 236
38 261
38 276
38 307
38 353
38 420
38 453
38 498
39 67
39 69
39 134
39 151
39 158
39 168
39 190
39 197
39 369
39 380
40 123
40 183
40 271
40 430
41 60
41 62
41 81
41 105
41 145
41 197
41 216
41 234
41 278
41 328
41 351
41 397
41 415
41 456
42 84
42 92
42 96
42 186
42 340
43 48
43 56
43 65
43 66
43 69
43 72
43 98
43 108
43 121
43 138
43 141
43 148
43 149
43 164
43 168
43 170
43 171
43 172
43 193
43 225
43 228
43 229
43 243
43 256
43 258
43 260
43 267
43 273
43 304
43 306
43 311
43 319
43 326
43 391
43 427
43 430
43 444
43 460
43 498
44 59
44 73
44 86
44 87
44 110
44 147
44 155
44 173
44 184
44 215
44 217
44 218
44 234
44 245
44 274
44 387
44 419
44 434
44 481
45 59
45 60
45 79
45 90
45 98
45 120
45 121
45 128
45 130
45 133
45 135
45 141
45 165
45 177
45 188
45 213
45 222
45 227
45 234
45 240
45 295
45 316
45 336
45 359
45 418
45 419
45 446
45 459
45 478
45 494
46 52
46 53
46 63
46 64
46 98
46 119
46 124
46 144
46 145
46 150
46 162
46 241
46 259
46 283
46 313
46 330
46 355
46 371
46 492
46 497
47 48
47 49
47 51
47 221
47 387
47 496
47 499
48 62
48 99
48 104
48 131
48 170
48 176
48 184
48 260
48 337
48 372
48 491
49 166
50 104
50 127
50 135
50 221
50 257
50 316
50 318
50 331
50 379
50 393
50 487
50 493
51 267
51 497
52 63
52 82
52 120
52 158
52 168
52 198
52 256
52 289
52 296
52 297
52 334
52 340
52 360
52 388
52 405
52 429
52 442
53 58
53 91
53 103
53 109
53 111
53 114
53 116
53 156
53 177
53 222
53 224
53 243
53 256
53 279
53 280
53 287
53 362
53 455
53 462
53 463
54 88
54 94
54 107
54 112
54 123
54 138
54 158
54 226
54 241
54 249
54 255
54 264
54 356
54 399
54 416
54 442
55 61
55 68
55 78
55 81
55 128
55 149
55 181
55 207
55 229
55 275
55 287
55 305
55 317
55 321
55 325
55 397
55 411
55 431
55 470
55 485
56 75
56 76
56 107
56 134
56 142
56 173
56 239
56 333
56 344
56 392
56 402
56 443
56 458
57 85
57 150
57 372
58 88
58 100
58 102
58 109
58 164
58 171
58 196
58 239
58 277
58 295
58 309
58 330
58 367
58 431
59 115
59 127
59 237
59 274
59 415
59 416
59 457
60 63
60 73
60 110
60 120
60 122
60 148
60 179
60 268
60 275
60 290
60 293
60 332
60 360
60 365
60 463
61 68
61 71
61 284
61 388
61 441
62 75
62 108
62 117
62 133
62 172
62 246
62 259
62 273
62 285
62 315
62 383
62 409
62 438
62 490
62 496
63 121
63 153
63 154
63 187
63 211
63 222
63 315
63 373
63 425
63 485
64 140
64 239
64 435
64 494
65 187
65 211
65 257
65 341
65 398
65 483
66 71
66 76
66 199
66 228
66 356
66 416
66 429
66 462
66 477
66 498
67 69
67 119
67 358
67 404
68 122
68 144
68 165
68 207
68 227
68 283
68 312
68 335
68 379
68 454
69 116
69 121
69 143
69 258
69 279
69 346
69 400
69 472
69 483
70 78
70 93
70 247
70 292
70 418
71 152
71 331
71 396
71 498
72 80
72 94
72 179
72 252
72 278
72 320
72 334
72 354
72 395
72 415
72 427
73 252
73 311
73 338
73 464
74 253
74 337
74 362
74 399
74 413
74 471
75 77
75 88
75 104
75 209
75 230
75 354
75 394
75 428
75 436
75 459
75 468
76 119
76 137
76 192
76 202
76 366
76 410
76 445
76 471
77 80
77 84
77 93
77 100
77 152
77 165
77 176
77 250
77 317
77 359
77 388
77 413
77 449
78 125
78 466
79 95
79 136
79 201
79 202
79 278
79 291
79 298
79 322
79 475
80 101
80 158
80 175
80 222
80 262
80 266
80 275
80 278
80 282
80 330
80 443
80 494
80 497
81 105
81 163
81 264
81 303
81 355
81 486
82 91
82 141
82 161
82 216
82 236
82 245
82 377
82 395
82 458
82 484
83 87
83 131
83 144
83 152
83 155
83 186
83 217
83 260
83 325
83 332
83 372
83 385
84 165
84 251
84 308
84 318
84 339
84 433
84 460
85 156
85 181
85 445
86 124
86 147
86 223
86 231
86 333
86 479
86 492
87 95
87 113
87 119
87 140
87 160
87 171
87 182
87 223
87 265
87 305
87 306
87 348
87 350
87 404
87 412
87 458
87 470
87 482
88 93
88 126
88 128
88 228
88 284
88 345
88 467
89 153
89 314
89 370
89 420
90 92
90 138
90 174
90 176
90 261
90 319
91 284
91 286
91 376
91 390
92 174
92 181
92 185
92 203
92 208
92 219
92 292
92 444
92 476
93 227
93 264
94 96
94 113
94 161
94 180
94 188
94 201
94 202
94 203
94 232
94 233
94 268
94 375
94 382
95 104
95 114
95 130
95 153
95 201
95 224
95 233
95 307
95 400
95 406
95 421
95 438
95 480
96 108
96 327
96 329
96 367
96 418
96 449
97 98
97 99
97 103
97 129
97 194
97 231
97 256
97 264
97 270
97 384
97 403
97 489
98 100
98 156
98 185
98 195
98 214
98 250
98 398
99 142
99 174
99 188
99 190
99 348
99 394
99 464
99 479
99 496
100 119
100 170
100 211
100 398
100 406
100 491
101 106
102 123
102 203
102 351
102 362
102 365
102 383
103 120
103 159
103 161
103 220
103 229
103 239
103 303
104 159
104 169
104 224
104 262
104 316
104 354
105 185
105 242
105 300
105 385
106 123
106 126
106 244
106 387
107 137
107 206
107 212
107 242
107 338
107 382
107 425
107 484
108 139
108 402
108 453
108 464
109 114
109 115
109 123
109 147
109 156
109 167
109 236
109 301
109 482
109 489
110 153
110 170
110 195
110 244
110 307
110 324
110 372
110 404
111 117
111 151
111 184
111 252
111 269
111 305
111 318
111 432
112 124
112 182
112 206
112 220
112 246
113 174
113 205
113 250
113 477
114 138
114 143
114 191
114 257
114 392
115 121
115 139
115 151
115 225
116 136
116 235
116 289
116 304
116 324
116 369
116 404
116 410
116 471
116 479
116 482
117 177
117 187
117 282
117 286
117 335
117 356
117 437
117 451
118 221
118 279
118 454
118 479
119 255
119 381
120 148
120 183
120 352
120 353
120 388
120 399
120 404
120 428
121 225
121 253
121 297
121 299
121 310
121 493
122 139
122 322
122 380
123 125
123 133
123 136
123 137
123 210
123 235
123 285
123 346
123 380
123 446
123 451
124 134
124 204
124 244
124 258
124 291
124 351
125 127
125 193
125 199
125 236
125 268
125 342
125 343
125 478
126 169
126 237
126 248
126 255
126 411
127 142
127 196
127 248
127 340
127 405
127 412
128 160
128 197
128 218
128 313
128 351
128 457
129 142
129 143
129 160
129 173
129 274
129 435
129 441
130 357
131 187
131 385
132 205
133 139
133 277
133 455
133 487
134 156
134 157
134 176
134 463
135 153
135 167
135 218
135 265
135 370
135 464
136 290
137 150
137 190
137 196
137 367
137 370
137 394
138 146
139 149
139 294
139 357
140 175
140 347
140 368
141 169
141 254
141 364
141 375
141 393
141 470
141 492
142 148
142 234
142 247
142 293
142 374
142 397
143 152
143 208
143 492
144 162
144 190
144 193
144 195
144 206
144 270
144 275
144 307
144 336
146 167
146 228
146 313
146 476
148 227
148 437
149 184
149 287
149 304
149 323
149 357
149 427
149 487
150 259
150 272
150 288
150 338
150 365
150 367
150 443
151 201
151 221
151 407
151 416
151 457
153 196
153 209
153 494
154 155
154 205
154 212
154 232
154 291
156 212
156 279
156 330
157 185
157 262
157 326
157 335
158 192
158 198
158 286
158 350
158 413
159 186
159 203
159 215
159 233
159 266
159 328
159 379
160 210
160 230
160 243
160 278
160 361
161 433
162 192
162 206
162 251
162 411
162 490
163 254
164 248
164 301
164 357
164 406
164 441
164 444
164 468
165 180
165 288
165 339
166 328
167 249
167 277
167 314
167 324
167 348
167 350
167 380
167 432
168 372
168 446
168 447
170 308
171 308
171 313
172 220
172 238
172 410
173 240
173 448
174 247
174 298
174 301
174 402
174 421
174 442
174 468
174 472
174 480
175 189
175 453
175 465
176 178
176 224
176 272
176 422
176 431
176 467
177 294
178 456
179 204
179 230
179 309
179 317
179 406
180 263
180 283
180 302
180 363
180 375
182 483
182 497
183 271
183 368
183 391
183 413
183 414
183 499
184 204
184 270
184 352
184 453
184 481
185 219
185 412
186 194
186 219
186 292
186 347
186 356
186 479
187 216
187 247
187 249
187 265
187 289
187 322
187 378
187 397
187 407
187 444
188 191
188 249
188 280
188 429
189 200
189 279
190 252
190 333
190 389
190 486
191 293
191 310
192 194
192 195
192 213
192 449
193 381
193 473
194 209
194 238
195 216
195 234
195 323
195 339
195 436
195 437
195 475
195 478
195 485
196 303
196 329
196 473
196 486
197 236
198 334
198 349
198 376
198 389
198 390
199 298
200 217
200 349
200 420
200 480
201 213
201 229
201 353
201 450
201 473
202 273
202 305
202 346
202 371
203 262
203 337
204 299
205 338
205 368
205 379
206 318
207 218
207 296
208 219
208 240
208 261
209 286
210 231
210 242
210 245
210 312
210 321
210 474
210 482
212 215
212 254
212 318
212 394
212 414
212 456
215 336
215 347
215 464
216 254
216 301
216 437
216 481
217 235
217 345
218 282
218 424
218 466
218 468
219 226
219 271
219 386
219 425
219 427
220 280
221 400
222 296
223 309
223 361
223 408
224 271
224 475
225 346
225 472
226 246
226 258
226 269
226 494
227 295
228 299
228 410
228 419
228 483
228 485
229 334
229 373
229 446
229 470
230 232
230 369
230 444
231 266
231 341
232 420
233 346
234 433
235 349
236 256
237 260
237 265
237 327
237 348
237 486
238 285
238 323
238 331
238 393
238 441
239 245
239 316
240 310
240 386
240 393
240 465
240 473
240 491
241 263
241 300
242 499
243 290
243 424
244 310
244 343
244 438
244 439
245 262
245 352
245 386
245 445
245 493
246 285
246 363
246 484
247 265
247 267
247 376
247 380
248 263
249 291
250 298
250 306
250 431
251 289
251 321
252 282
252 299
252 415
252 442
253 434
254 316
254 359
254 365
254 413
255 418
256 329
256 447
257 344
257 462
259 297
259 312
259 319
259 440
260 269
260 272
260 379
260 473
262 272
262 302
262 391
263 298
263 492
264 378
264 448
265 321
265 376
265 439
266 308
266 460
267 281
267 409
267 451
268 288
269 319
270 337
270 474
272 370
273 287
273 329
273 335
273 350
273 396
275 332
275 348
275 403
275 442
275 467
277 290
277 381
277 469
278 361
279 352
280 330
280 423
280 452
281 365
282 342
283 355
283 484
283 499
284 440
285 295
285 345
285 359
285 424
285 457
286 326
286 355
286 411
287 293
287 390
289 306
289 310
289 371
291 457
291 461
293 296
293 297
294 328
294 402
295 382
296 460
297 326
297 450
298 300
300 337
301 315
301 325
301 335
301 432
301 461
302 407
302 436
304 383
304 395
305 429
305 439
306 422
307 320
307 417
307 435
310 361
311 370
311 422
316 366
317 477
318 340
318 421
318 478
319 393
319 408
319 409
322 452
323 417
324 429
324 461
324 476
326 361
327 358
330 363
331 427
332 342
332 390
333 371
334 438
335 401
335 455
336 412
337 375
337 409
338 343
338 374
338 448
338 489
339 378
339 495
340 389
342 343
342 364
342 469
343 495
344 478
346 435
347 414
347 422
348 433
349 354
352 488
353 377
353 401
353 466
353 489
354 373
354 384
354 400
354 407
356 475
357 374
357 389
357 396
357 445
359 364
360 389
360 392
360 490
362 469
363 425
364 392
365 430
367 414
370 386
370 434
370 490
371 434
372 412
372 455
375 455
376 480
378 416
382 493
383 405
384 435
385 403
385 486
390 436
393 448
394 411
394 433
395 398
396 481
397 498
400 440
407 423
407 460
413 488
414 472
418 467
420 458
422 426
422 465
425 452
428 450
446 485
451 465
452 488
458 490
487 493
487 495
